p cnf 4 1000
1 2 3 4 5 6 7 8 9 10 0
-1 -2 0
-1 -3 0
-1 -4 0
-1 -5 0
-1 -6 0
-1 -7 0
-1 -8 0
-1 -9 0
-1 -10 0
-2 -3 0
-2 -4 0
-2 -5 0
-2 -6 0
-2 -7 0
-2 -8 0
-2 -9 0
-2 -10 0
-3 -4 0
-3 -5 0
-3 -6 0
-3 -7 0
-3 -8 0
-3 -9 0
-3 -10 0
-4 -5 0
-4 -6 0
-4 -7 0
-4 -8 0
-4 -9 0
-4 -10 0
-5 -6 0
-5 -7 0
-5 -8 0
-5 -9 0
-5 -10 0
-6 -7 0
-6 -8 0
-6 -9 0
-6 -10 0
-7 -8 0
-7 -9 0
-7 -10 0
-8 -9 0
-8 -10 0
-9 -10 0
11 12 13 14 15 16 17 18 19 20 0
-11 -12 0
-11 -13 0
-11 -14 0
-11 -15 0
-11 -16 0
-11 -17 0
-11 -18 0
-11 -19 0
-11 -20 0
-12 -13 0
-12 -14 0
-12 -15 0
-12 -16 0
-12 -17 0
-12 -18 0
-12 -19 0
-12 -20 0
-13 -14 0
-13 -15 0
-13 -16 0
-13 -17 0
-13 -18 0
-13 -19 0
-13 -20 0
-14 -15 0
-14 -16 0
-14 -17 0
-14 -18 0
-14 -19 0
-14 -20 0
-15 -16 0
-15 -17 0
-15 -18 0
-15 -19 0
-15 -20 0
-16 -17 0
-16 -18 0
-16 -19 0
-16 -20 0
-17 -18 0
-17 -19 0
-17 -20 0
-18 -19 0
-18 -20 0
-19 -20 0
21 22 23 24 25 26 27 28 29 30 0
-21 -22 0
-21 -23 0
-21 -24 0
-21 -25 0
-21 -26 0
-21 -27 0
-21 -28 0
-21 -29 0
-21 -30 0
-22 -23 0
-22 -24 0
-22 -25 0
-22 -26 0
-22 -27 0
-22 -28 0
-22 -29 0
-22 -30 0
-23 -24 0
-23 -25 0
-23 -26 0
-23 -27 0
-23 -28 0
-23 -29 0
-23 -30 0
-24 -25 0
-24 -26 0
-24 -27 0
-24 -28 0
-24 -29 0
-24 -30 0
-25 -26 0
-25 -27 0
-25 -28 0
-25 -29 0
-25 -30 0
-26 -27 0
-26 -28 0
-26 -29 0
-26 -30 0
-27 -28 0
-27 -29 0
-27 -30 0
-28 -29 0
-28 -30 0
-29 -30 0
31 32 33 34 35 36 37 38 39 40 0
-31 -32 0
-31 -33 0
-31 -34 0
-31 -35 0
-31 -36 0
-31 -37 0
-31 -38 0
-31 -39 0
-31 -40 0
-32 -33 0
-32 -34 0
-32 -35 0
-32 -36 0
-32 -37 0
-32 -38 0
-32 -39 0
-32 -40 0
-33 -34 0
-33 -35 0
-33 -36 0
-33 -37 0
-33 -38 0
-33 -39 0
-33 -40 0
-34 -35 0
-34 -36 0
-34 -37 0
-34 -38 0
-34 -39 0
-34 -40 0
-35 -36 0
-35 -37 0
-35 -38 0
-35 -39 0
-35 -40 0
-36 -37 0
-36 -38 0
-36 -39 0
-36 -40 0
-37 -38 0
-37 -39 0
-37 -40 0
-38 -39 0
-38 -40 0
-39 -40 0
41 42 43 44 45 46 47 48 49 50 0
-41 -42 0
-41 -43 0
-41 -44 0
-41 -45 0
-41 -46 0
-41 -47 0
-41 -48 0
-41 -49 0
-41 -50 0
-42 -43 0
-42 -44 0
-42 -45 0
-42 -46 0
-42 -47 0
-42 -48 0
-42 -49 0
-42 -50 0
-43 -44 0
-43 -45 0
-43 -46 0
-43 -47 0
-43 -48 0
-43 -49 0
-43 -50 0
-44 -45 0
-44 -46 0
-44 -47 0
-44 -48 0
-44 -49 0
-44 -50 0
-45 -46 0
-45 -47 0
-45 -48 0
-45 -49 0
-45 -50 0
-46 -47 0
-46 -48 0
-46 -49 0
-46 -50 0
-47 -48 0
-47 -49 0
-47 -50 0
-48 -49 0
-48 -50 0
-49 -50 0
51 52 53 54 55 56 57 58 59 60 0
-51 -52 0
-51 -53 0
-51 -54 0
-51 -55 0
-51 -56 0
-51 -57 0
-51 -58 0
-51 -59 0
-51 -60 0
-52 -53 0
-52 -54 0
-52 -55 0
-52 -56 0
-52 -57 0
-52 -58 0
-52 -59 0
-52 -60 0
-53 -54 0
-53 -55 0
-53 -56 0
-53 -57 0
-53 -58 0
-53 -59 0
-53 -60 0
-54 -55 0
-54 -56 0
-54 -57 0
-54 -58 0
-54 -59 0
-54 -60 0
-55 -56 0
-55 -57 0
-55 -58 0
-55 -59 0
-55 -60 0
-56 -57 0
-56 -58 0
-56 -59 0
-56 -60 0
-57 -58 0
-57 -59 0
-57 -60 0
-58 -59 0
-58 -60 0
-59 -60 0
61 62 63 64 65 66 67 68 69 70 0
-61 -62 0
-61 -63 0
-61 -64 0
-61 -65 0
-61 -66 0
-61 -67 0
-61 -68 0
-61 -69 0
-61 -70 0
-62 -63 0
-62 -64 0
-62 -65 0
-62 -66 0
-62 -67 0
-62 -68 0
-62 -69 0
-62 -70 0
-63 -64 0
-63 -65 0
-63 -66 0
-63 -67 0
-63 -68 0
-63 -69 0
-63 -70 0
-64 -65 0
-64 -66 0
-64 -67 0
-64 -68 0
-64 -69 0
-64 -70 0
-65 -66 0
-65 -67 0
-65 -68 0
-65 -69 0
-65 -70 0
-66 -67 0
-66 -68 0
-66 -69 0
-66 -70 0
-67 -68 0
-67 -69 0
-67 -70 0
-68 -69 0
-68 -70 0
-69 -70 0
71 72 73 74 75 76 77 78 79 80 0
-71 -72 0
-71 -73 0
-71 -74 0
-71 -75 0
-71 -76 0
-71 -77 0
-71 -78 0
-71 -79 0
-71 -80 0
-72 -73 0
-72 -74 0
-72 -75 0
-72 -76 0
-72 -77 0
-72 -78 0
-72 -79 0
-72 -80 0
-73 -74 0
-73 -75 0
-73 -76 0
-73 -77 0
-73 -78 0
-73 -79 0
-73 -80 0
-74 -75 0
-74 -76 0
-74 -77 0
-74 -78 0
-74 -79 0
-74 -80 0
-75 -76 0
-75 -77 0
-75 -78 0
-75 -79 0
-75 -80 0
-76 -77 0
-76 -78 0
-76 -79 0
-76 -80 0
-77 -78 0
-77 -79 0
-77 -80 0
-78 -79 0
-78 -80 0
-79 -80 0
81 82 83 84 85 86 87 88 89 90 0
-81 -82 0
-81 -83 0
-81 -84 0
-81 -85 0
-81 -86 0
-81 -87 0
-81 -88 0
-81 -89 0
-81 -90 0
-82 -83 0
-82 -84 0
-82 -85 0
-82 -86 0
-82 -87 0
-82 -88 0
-82 -89 0
-82 -90 0
-83 -84 0
-83 -85 0
-83 -86 0
-83 -87 0
-83 -88 0
-83 -89 0
-83 -90 0
-84 -85 0
-84 -86 0
-84 -87 0
-84 -88 0
-84 -89 0
-84 -90 0
-85 -86 0
-85 -87 0
-85 -88 0
-85 -89 0
-85 -90 0
-86 -87 0
-86 -88 0
-86 -89 0
-86 -90 0
-87 -88 0
-87 -89 0
-87 -90 0
-88 -89 0
-88 -90 0
-89 -90 0
91 92 93 94 95 96 97 98 99 100 0
-91 -92 0
-91 -93 0
-91 -94 0
-91 -95 0
-91 -96 0
-91 -97 0
-91 -98 0
-91 -99 0
-91 -100 0
-92 -93 0
-92 -94 0
-92 -95 0
-92 -96 0
-92 -97 0
-92 -98 0
-92 -99 0
-92 -100 0
-93 -94 0
-93 -95 0
-93 -96 0
-93 -97 0
-93 -98 0
-93 -99 0
-93 -100 0
-94 -95 0
-94 -96 0
-94 -97 0
-94 -98 0
-94 -99 0
-94 -100 0
-95 -96 0
-95 -97 0
-95 -98 0
-95 -99 0
-95 -100 0
-96 -97 0
-96 -98 0
-96 -99 0
-96 -100 0
-97 -98 0
-97 -99 0
-97 -100 0
-98 -99 0
-98 -100 0
-99 -100 0
1 11 21 31 41 51 61 71 81 91 0
1 101 201 301 401 501 601 701 801 901 0
2 12 22 32 42 52 62 72 82 92 0
2 102 202 302 402 502 602 702 802 902 0
3 13 23 33 43 53 63 73 83 93 0
3 103 203 303 403 503 603 703 803 903 0
4 14 24 34 44 54 64 74 84 94 0
4 104 204 304 404 504 604 704 804 904 0
5 15 25 35 45 55 65 75 85 95 0
5 105 205 305 405 505 605 705 805 905 0
6 16 26 36 46 56 66 76 86 96 0
6 106 206 306 406 506 606 706 806 906 0
7 17 27 37 47 57 67 77 87 97 0
7 107 207 307 407 507 607 707 807 907 0
8 18 28 38 48 58 68 78 88 98 0
8 108 208 308 408 508 608 708 808 908 0
9 19 29 39 49 59 69 79 89 99 0
9 109 209 309 409 509 609 709 809 909 0
10 20 30 40 50 60 70 80 90 100 0
10 110 210 310 410 510 610 710 810 910 0
101 102 103 104 105 106 107 108 109 110 0
-101 -102 0
-101 -103 0
-101 -104 0
-101 -105 0
-101 -106 0
-101 -107 0
-101 -108 0
-101 -109 0
-101 -110 0
-102 -103 0
-102 -104 0
-102 -105 0
-102 -106 0
-102 -107 0
-102 -108 0
-102 -109 0
-102 -110 0
-103 -104 0
-103 -105 0
-103 -106 0
-103 -107 0
-103 -108 0
-103 -109 0
-103 -110 0
-104 -105 0
-104 -106 0
-104 -107 0
-104 -108 0
-104 -109 0
-104 -110 0
-105 -106 0
-105 -107 0
-105 -108 0
-105 -109 0
-105 -110 0
-106 -107 0
-106 -108 0
-106 -109 0
-106 -110 0
-107 -108 0
-107 -109 0
-107 -110 0
-108 -109 0
-108 -110 0
-109 -110 0
111 112 113 114 115 116 117 118 119 120 0
-111 -112 0
-111 -113 0
-111 -114 0
-111 -115 0
-111 -116 0
-111 -117 0
-111 -118 0
-111 -119 0
-111 -120 0
-112 -113 0
-112 -114 0
-112 -115 0
-112 -116 0
-112 -117 0
-112 -118 0
-112 -119 0
-112 -120 0
-113 -114 0
-113 -115 0
-113 -116 0
-113 -117 0
-113 -118 0
-113 -119 0
-113 -120 0
-114 -115 0
-114 -116 0
-114 -117 0
-114 -118 0
-114 -119 0
-114 -120 0
-115 -116 0
-115 -117 0
-115 -118 0
-115 -119 0
-115 -120 0
-116 -117 0
-116 -118 0
-116 -119 0
-116 -120 0
-117 -118 0
-117 -119 0
-117 -120 0
-118 -119 0
-118 -120 0
-119 -120 0
121 122 123 124 125 126 127 128 129 130 0
-121 -122 0
-121 -123 0
-121 -124 0
-121 -125 0
-121 -126 0
-121 -127 0
-121 -128 0
-121 -129 0
-121 -130 0
-122 -123 0
-122 -124 0
-122 -125 0
-122 -126 0
-122 -127 0
-122 -128 0
-122 -129 0
-122 -130 0
-123 -124 0
-123 -125 0
-123 -126 0
-123 -127 0
-123 -128 0
-123 -129 0
-123 -130 0
-124 -125 0
-124 -126 0
-124 -127 0
-124 -128 0
-124 -129 0
-124 -130 0
-125 -126 0
-125 -127 0
-125 -128 0
-125 -129 0
-125 -130 0
-126 -127 0
-126 -128 0
-126 -129 0
-126 -130 0
-127 -128 0
-127 -129 0
-127 -130 0
-128 -129 0
-128 -130 0
-129 -130 0
131 132 133 134 135 136 137 138 139 140 0
-131 -132 0
-131 -133 0
-131 -134 0
-131 -135 0
-131 -136 0
-131 -137 0
-131 -138 0
-131 -139 0
-131 -140 0
-132 -133 0
-132 -134 0
-132 -135 0
-132 -136 0
-132 -137 0
-132 -138 0
-132 -139 0
-132 -140 0
-133 -134 0
-133 -135 0
-133 -136 0
-133 -137 0
-133 -138 0
-133 -139 0
-133 -140 0
-134 -135 0
-134 -136 0
-134 -137 0
-134 -138 0
-134 -139 0
-134 -140 0
-135 -136 0
-135 -137 0
-135 -138 0
-135 -139 0
-135 -140 0
-136 -137 0
-136 -138 0
-136 -139 0
-136 -140 0
-137 -138 0
-137 -139 0
-137 -140 0
-138 -139 0
-138 -140 0
-139 -140 0
141 142 143 144 145 146 147 148 149 150 0
-141 -142 0
-141 -143 0
-141 -144 0
-141 -145 0
-141 -146 0
-141 -147 0
-141 -148 0
-141 -149 0
-141 -150 0
-142 -143 0
-142 -144 0
-142 -145 0
-142 -146 0
-142 -147 0
-142 -148 0
-142 -149 0
-142 -150 0
-143 -144 0
-143 -145 0
-143 -146 0
-143 -147 0
-143 -148 0
-143 -149 0
-143 -150 0
-144 -145 0
-144 -146 0
-144 -147 0
-144 -148 0
-144 -149 0
-144 -150 0
-145 -146 0
-145 -147 0
-145 -148 0
-145 -149 0
-145 -150 0
-146 -147 0
-146 -148 0
-146 -149 0
-146 -150 0
-147 -148 0
-147 -149 0
-147 -150 0
-148 -149 0
-148 -150 0
-149 -150 0
151 152 153 154 155 156 157 158 159 160 0
-151 -152 0
-151 -153 0
-151 -154 0
-151 -155 0
-151 -156 0
-151 -157 0
-151 -158 0
-151 -159 0
-151 -160 0
-152 -153 0
-152 -154 0
-152 -155 0
-152 -156 0
-152 -157 0
-152 -158 0
-152 -159 0
-152 -160 0
-153 -154 0
-153 -155 0
-153 -156 0
-153 -157 0
-153 -158 0
-153 -159 0
-153 -160 0
-154 -155 0
-154 -156 0
-154 -157 0
-154 -158 0
-154 -159 0
-154 -160 0
-155 -156 0
-155 -157 0
-155 -158 0
-155 -159 0
-155 -160 0
-156 -157 0
-156 -158 0
-156 -159 0
-156 -160 0
-157 -158 0
-157 -159 0
-157 -160 0
-158 -159 0
-158 -160 0
-159 -160 0
161 162 163 164 165 166 167 168 169 170 0
-161 -162 0
-161 -163 0
-161 -164 0
-161 -165 0
-161 -166 0
-161 -167 0
-161 -168 0
-161 -169 0
-161 -170 0
-162 -163 0
-162 -164 0
-162 -165 0
-162 -166 0
-162 -167 0
-162 -168 0
-162 -169 0
-162 -170 0
-163 -164 0
-163 -165 0
-163 -166 0
-163 -167 0
-163 -168 0
-163 -169 0
-163 -170 0
-164 -165 0
-164 -166 0
-164 -167 0
-164 -168 0
-164 -169 0
-164 -170 0
-165 -166 0
-165 -167 0
-165 -168 0
-165 -169 0
-165 -170 0
-166 -167 0
-166 -168 0
-166 -169 0
-166 -170 0
-167 -168 0
-167 -169 0
-167 -170 0
-168 -169 0
-168 -170 0
-169 -170 0
171 172 173 174 175 176 177 178 179 180 0
-171 -172 0
-171 -173 0
-171 -174 0
-171 -175 0
-171 -176 0
-171 -177 0
-171 -178 0
-171 -179 0
-171 -180 0
-172 -173 0
-172 -174 0
-172 -175 0
-172 -176 0
-172 -177 0
-172 -178 0
-172 -179 0
-172 -180 0
-173 -174 0
-173 -175 0
-173 -176 0
-173 -177 0
-173 -178 0
-173 -179 0
-173 -180 0
-174 -175 0
-174 -176 0
-174 -177 0
-174 -178 0
-174 -179 0
-174 -180 0
-175 -176 0
-175 -177 0
-175 -178 0
-175 -179 0
-175 -180 0
-176 -177 0
-176 -178 0
-176 -179 0
-176 -180 0
-177 -178 0
-177 -179 0
-177 -180 0
-178 -179 0
-178 -180 0
-179 -180 0
181 182 183 184 185 186 187 188 189 190 0
-181 -182 0
-181 -183 0
-181 -184 0
-181 -185 0
-181 -186 0
-181 -187 0
-181 -188 0
-181 -189 0
-181 -190 0
-182 -183 0
-182 -184 0
-182 -185 0
-182 -186 0
-182 -187 0
-182 -188 0
-182 -189 0
-182 -190 0
-183 -184 0
-183 -185 0
-183 -186 0
-183 -187 0
-183 -188 0
-183 -189 0
-183 -190 0
-184 -185 0
-184 -186 0
-184 -187 0
-184 -188 0
-184 -189 0
-184 -190 0
-185 -186 0
-185 -187 0
-185 -188 0
-185 -189 0
-185 -190 0
-186 -187 0
-186 -188 0
-186 -189 0
-186 -190 0
-187 -188 0
-187 -189 0
-187 -190 0
-188 -189 0
-188 -190 0
-189 -190 0
191 192 193 194 195 196 197 198 199 200 0
-191 -192 0
-191 -193 0
-191 -194 0
-191 -195 0
-191 -196 0
-191 -197 0
-191 -198 0
-191 -199 0
-191 -200 0
-192 -193 0
-192 -194 0
-192 -195 0
-192 -196 0
-192 -197 0
-192 -198 0
-192 -199 0
-192 -200 0
-193 -194 0
-193 -195 0
-193 -196 0
-193 -197 0
-193 -198 0
-193 -199 0
-193 -200 0
-194 -195 0
-194 -196 0
-194 -197 0
-194 -198 0
-194 -199 0
-194 -200 0
-195 -196 0
-195 -197 0
-195 -198 0
-195 -199 0
-195 -200 0
-196 -197 0
-196 -198 0
-196 -199 0
-196 -200 0
-197 -198 0
-197 -199 0
-197 -200 0
-198 -199 0
-198 -200 0
-199 -200 0
101 111 121 131 141 151 161 171 181 191 0
11 111 211 311 411 511 611 711 811 911 0
102 112 122 132 142 152 162 172 182 192 0
12 112 212 312 412 512 612 712 812 912 0
103 113 123 133 143 153 163 173 183 193 0
13 113 213 313 413 513 613 713 813 913 0
104 114 124 134 144 154 164 174 184 194 0
14 114 214 314 414 514 614 714 814 914 0
105 115 125 135 145 155 165 175 185 195 0
15 115 215 315 415 515 615 715 815 915 0
106 116 126 136 146 156 166 176 186 196 0
16 116 216 316 416 516 616 716 816 916 0
107 117 127 137 147 157 167 177 187 197 0
17 117 217 317 417 517 617 717 817 917 0
108 118 128 138 148 158 168 178 188 198 0
18 118 218 318 418 518 618 718 818 918 0
109 119 129 139 149 159 169 179 189 199 0
19 119 219 319 419 519 619 719 819 919 0
110 120 130 140 150 160 170 180 190 200 0
20 120 220 320 420 520 620 720 820 920 0
201 202 203 204 205 206 207 208 209 210 0
-201 -202 0
-201 -203 0
-201 -204 0
-201 -205 0
-201 -206 0
-201 -207 0
-201 -208 0
-201 -209 0
-201 -210 0
-202 -203 0
-202 -204 0
-202 -205 0
-202 -206 0
-202 -207 0
-202 -208 0
-202 -209 0
-202 -210 0
-203 -204 0
-203 -205 0
-203 -206 0
-203 -207 0
-203 -208 0
-203 -209 0
-203 -210 0
-204 -205 0
-204 -206 0
-204 -207 0
-204 -208 0
-204 -209 0
-204 -210 0
-205 -206 0
-205 -207 0
-205 -208 0
-205 -209 0
-205 -210 0
-206 -207 0
-206 -208 0
-206 -209 0
-206 -210 0
-207 -208 0
-207 -209 0
-207 -210 0
-208 -209 0
-208 -210 0
-209 -210 0
211 212 213 214 215 216 217 218 219 220 0
-211 -212 0
-211 -213 0
-211 -214 0
-211 -215 0
-211 -216 0
-211 -217 0
-211 -218 0
-211 -219 0
-211 -220 0
-212 -213 0
-212 -214 0
-212 -215 0
-212 -216 0
-212 -217 0
-212 -218 0
-212 -219 0
-212 -220 0
-213 -214 0
-213 -215 0
-213 -216 0
-213 -217 0
-213 -218 0
-213 -219 0
-213 -220 0
-214 -215 0
-214 -216 0
-214 -217 0
-214 -218 0
-214 -219 0
-214 -220 0
-215 -216 0
-215 -217 0
-215 -218 0
-215 -219 0
-215 -220 0
-216 -217 0
-216 -218 0
-216 -219 0
-216 -220 0
-217 -218 0
-217 -219 0
-217 -220 0
-218 -219 0
-218 -220 0
-219 -220 0
221 222 223 224 225 226 227 228 229 230 0
-221 -222 0
-221 -223 0
-221 -224 0
-221 -225 0
-221 -226 0
-221 -227 0
-221 -228 0
-221 -229 0
-221 -230 0
-222 -223 0
-222 -224 0
-222 -225 0
-222 -226 0
-222 -227 0
-222 -228 0
-222 -229 0
-222 -230 0
-223 -224 0
-223 -225 0
-223 -226 0
-223 -227 0
-223 -228 0
-223 -229 0
-223 -230 0
-224 -225 0
-224 -226 0
-224 -227 0
-224 -228 0
-224 -229 0
-224 -230 0
-225 -226 0
-225 -227 0
-225 -228 0
-225 -229 0
-225 -230 0
-226 -227 0
-226 -228 0
-226 -229 0
-226 -230 0
-227 -228 0
-227 -229 0
-227 -230 0
-228 -229 0
-228 -230 0
-229 -230 0
231 232 233 234 235 236 237 238 239 240 0
-231 -232 0
-231 -233 0
-231 -234 0
-231 -235 0
-231 -236 0
-231 -237 0
-231 -238 0
-231 -239 0
-231 -240 0
-232 -233 0
-232 -234 0
-232 -235 0
-232 -236 0
-232 -237 0
-232 -238 0
-232 -239 0
-232 -240 0
-233 -234 0
-233 -235 0
-233 -236 0
-233 -237 0
-233 -238 0
-233 -239 0
-233 -240 0
-234 -235 0
-234 -236 0
-234 -237 0
-234 -238 0
-234 -239 0
-234 -240 0
-235 -236 0
-235 -237 0
-235 -238 0
-235 -239 0
-235 -240 0
-236 -237 0
-236 -238 0
-236 -239 0
-236 -240 0
-237 -238 0
-237 -239 0
-237 -240 0
-238 -239 0
-238 -240 0
-239 -240 0
241 242 243 244 245 246 247 248 249 250 0
-241 -242 0
-241 -243 0
-241 -244 0
-241 -245 0
-241 -246 0
-241 -247 0
-241 -248 0
-241 -249 0
-241 -250 0
-242 -243 0
-242 -244 0
-242 -245 0
-242 -246 0
-242 -247 0
-242 -248 0
-242 -249 0
-242 -250 0
-243 -244 0
-243 -245 0
-243 -246 0
-243 -247 0
-243 -248 0
-243 -249 0
-243 -250 0
-244 -245 0
-244 -246 0
-244 -247 0
-244 -248 0
-244 -249 0
-244 -250 0
-245 -246 0
-245 -247 0
-245 -248 0
-245 -249 0
-245 -250 0
-246 -247 0
-246 -248 0
-246 -249 0
-246 -250 0
-247 -248 0
-247 -249 0
-247 -250 0
-248 -249 0
-248 -250 0
-249 -250 0
251 252 253 254 255 256 257 258 259 260 0
-251 -252 0
-251 -253 0
-251 -254 0
-251 -255 0
-251 -256 0
-251 -257 0
-251 -258 0
-251 -259 0
-251 -260 0
-252 -253 0
-252 -254 0
-252 -255 0
-252 -256 0
-252 -257 0
-252 -258 0
-252 -259 0
-252 -260 0
-253 -254 0
-253 -255 0
-253 -256 0
-253 -257 0
-253 -258 0
-253 -259 0
-253 -260 0
-254 -255 0
-254 -256 0
-254 -257 0
-254 -258 0
-254 -259 0
-254 -260 0
-255 -256 0
-255 -257 0
-255 -258 0
-255 -259 0
-255 -260 0
-256 -257 0
-256 -258 0
-256 -259 0
-256 -260 0
-257 -258 0
-257 -259 0
-257 -260 0
-258 -259 0
-258 -260 0
-259 -260 0
261 262 263 264 265 266 267 268 269 270 0
-261 -262 0
-261 -263 0
-261 -264 0
-261 -265 0
-261 -266 0
-261 -267 0
-261 -268 0
-261 -269 0
-261 -270 0
-262 -263 0
-262 -264 0
-262 -265 0
-262 -266 0
-262 -267 0
-262 -268 0
-262 -269 0
-262 -270 0
-263 -264 0
-263 -265 0
-263 -266 0
-263 -267 0
-263 -268 0
-263 -269 0
-263 -270 0
-264 -265 0
-264 -266 0
-264 -267 0
-264 -268 0
-264 -269 0
-264 -270 0
-265 -266 0
-265 -267 0
-265 -268 0
-265 -269 0
-265 -270 0
-266 -267 0
-266 -268 0
-266 -269 0
-266 -270 0
-267 -268 0
-267 -269 0
-267 -270 0
-268 -269 0
-268 -270 0
-269 -270 0
271 272 273 274 275 276 277 278 279 280 0
-271 -272 0
-271 -273 0
-271 -274 0
-271 -275 0
-271 -276 0
-271 -277 0
-271 -278 0
-271 -279 0
-271 -280 0
-272 -273 0
-272 -274 0
-272 -275 0
-272 -276 0
-272 -277 0
-272 -278 0
-272 -279 0
-272 -280 0
-273 -274 0
-273 -275 0
-273 -276 0
-273 -277 0
-273 -278 0
-273 -279 0
-273 -280 0
-274 -275 0
-274 -276 0
-274 -277 0
-274 -278 0
-274 -279 0
-274 -280 0
-275 -276 0
-275 -277 0
-275 -278 0
-275 -279 0
-275 -280 0
-276 -277 0
-276 -278 0
-276 -279 0
-276 -280 0
-277 -278 0
-277 -279 0
-277 -280 0
-278 -279 0
-278 -280 0
-279 -280 0
281 282 283 284 285 286 287 288 289 290 0
-281 -282 0
-281 -283 0
-281 -284 0
-281 -285 0
-281 -286 0
-281 -287 0
-281 -288 0
-281 -289 0
-281 -290 0
-282 -283 0
-282 -284 0
-282 -285 0
-282 -286 0
-282 -287 0
-282 -288 0
-282 -289 0
-282 -290 0
-283 -284 0
-283 -285 0
-283 -286 0
-283 -287 0
-283 -288 0
-283 -289 0
-283 -290 0
-284 -285 0
-284 -286 0
-284 -287 0
-284 -288 0
-284 -289 0
-284 -290 0
-285 -286 0
-285 -287 0
-285 -288 0
-285 -289 0
-285 -290 0
-286 -287 0
-286 -288 0
-286 -289 0
-286 -290 0
-287 -288 0
-287 -289 0
-287 -290 0
-288 -289 0
-288 -290 0
-289 -290 0
291 292 293 294 295 296 297 298 299 300 0
-291 -292 0
-291 -293 0
-291 -294 0
-291 -295 0
-291 -296 0
-291 -297 0
-291 -298 0
-291 -299 0
-291 -300 0
-292 -293 0
-292 -294 0
-292 -295 0
-292 -296 0
-292 -297 0
-292 -298 0
-292 -299 0
-292 -300 0
-293 -294 0
-293 -295 0
-293 -296 0
-293 -297 0
-293 -298 0
-293 -299 0
-293 -300 0
-294 -295 0
-294 -296 0
-294 -297 0
-294 -298 0
-294 -299 0
-294 -300 0
-295 -296 0
-295 -297 0
-295 -298 0
-295 -299 0
-295 -300 0
-296 -297 0
-296 -298 0
-296 -299 0
-296 -300 0
-297 -298 0
-297 -299 0
-297 -300 0
-298 -299 0
-298 -300 0
-299 -300 0
201 211 221 231 241 251 261 271 281 291 0
21 121 221 321 421 521 621 721 821 921 0
202 212 222 232 242 252 262 272 282 292 0
22 122 222 322 422 522 622 722 822 922 0
203 213 223 233 243 253 263 273 283 293 0
23 123 223 323 423 523 623 723 823 923 0
204 214 224 234 244 254 264 274 284 294 0
24 124 224 324 424 524 624 724 824 924 0
205 215 225 235 245 255 265 275 285 295 0
25 125 225 325 425 525 625 725 825 925 0
206 216 226 236 246 256 266 276 286 296 0
26 126 226 326 426 526 626 726 826 926 0
207 217 227 237 247 257 267 277 287 297 0
27 127 227 327 427 527 627 727 827 927 0
208 218 228 238 248 258 268 278 288 298 0
28 128 228 328 428 528 628 728 828 928 0
209 219 229 239 249 259 269 279 289 299 0
29 129 229 329 429 529 629 729 829 929 0
210 220 230 240 250 260 270 280 290 300 0
30 130 230 330 430 530 630 730 830 930 0
301 302 303 304 305 306 307 308 309 310 0
-301 -302 0
-301 -303 0
-301 -304 0
-301 -305 0
-301 -306 0
-301 -307 0
-301 -308 0
-301 -309 0
-301 -310 0
-302 -303 0
-302 -304 0
-302 -305 0
-302 -306 0
-302 -307 0
-302 -308 0
-302 -309 0
-302 -310 0
-303 -304 0
-303 -305 0
-303 -306 0
-303 -307 0
-303 -308 0
-303 -309 0
-303 -310 0
-304 -305 0
-304 -306 0
-304 -307 0
-304 -308 0
-304 -309 0
-304 -310 0
-305 -306 0
-305 -307 0
-305 -308 0
-305 -309 0
-305 -310 0
-306 -307 0
-306 -308 0
-306 -309 0
-306 -310 0
-307 -308 0
-307 -309 0
-307 -310 0
-308 -309 0
-308 -310 0
-309 -310 0
311 312 313 314 315 316 317 318 319 320 0
-311 -312 0
-311 -313 0
-311 -314 0
-311 -315 0
-311 -316 0
-311 -317 0
-311 -318 0
-311 -319 0
-311 -320 0
-312 -313 0
-312 -314 0
-312 -315 0
-312 -316 0
-312 -317 0
-312 -318 0
-312 -319 0
-312 -320 0
-313 -314 0
-313 -315 0
-313 -316 0
-313 -317 0
-313 -318 0
-313 -319 0
-313 -320 0
-314 -315 0
-314 -316 0
-314 -317 0
-314 -318 0
-314 -319 0
-314 -320 0
-315 -316 0
-315 -317 0
-315 -318 0
-315 -319 0
-315 -320 0
-316 -317 0
-316 -318 0
-316 -319 0
-316 -320 0
-317 -318 0
-317 -319 0
-317 -320 0
-318 -319 0
-318 -320 0
-319 -320 0
321 322 323 324 325 326 327 328 329 330 0
-321 -322 0
-321 -323 0
-321 -324 0
-321 -325 0
-321 -326 0
-321 -327 0
-321 -328 0
-321 -329 0
-321 -330 0
-322 -323 0
-322 -324 0
-322 -325 0
-322 -326 0
-322 -327 0
-322 -328 0
-322 -329 0
-322 -330 0
-323 -324 0
-323 -325 0
-323 -326 0
-323 -327 0
-323 -328 0
-323 -329 0
-323 -330 0
-324 -325 0
-324 -326 0
-324 -327 0
-324 -328 0
-324 -329 0
-324 -330 0
-325 -326 0
-325 -327 0
-325 -328 0
-325 -329 0
-325 -330 0
-326 -327 0
-326 -328 0
-326 -329 0
-326 -330 0
-327 -328 0
-327 -329 0
-327 -330 0
-328 -329 0
-328 -330 0
-329 -330 0
331 332 333 334 335 336 337 338 339 340 0
-331 -332 0
-331 -333 0
-331 -334 0
-331 -335 0
-331 -336 0
-331 -337 0
-331 -338 0
-331 -339 0
-331 -340 0
-332 -333 0
-332 -334 0
-332 -335 0
-332 -336 0
-332 -337 0
-332 -338 0
-332 -339 0
-332 -340 0
-333 -334 0
-333 -335 0
-333 -336 0
-333 -337 0
-333 -338 0
-333 -339 0
-333 -340 0
-334 -335 0
-334 -336 0
-334 -337 0
-334 -338 0
-334 -339 0
-334 -340 0
-335 -336 0
-335 -337 0
-335 -338 0
-335 -339 0
-335 -340 0
-336 -337 0
-336 -338 0
-336 -339 0
-336 -340 0
-337 -338 0
-337 -339 0
-337 -340 0
-338 -339 0
-338 -340 0
-339 -340 0
341 342 343 344 345 346 347 348 349 350 0
-341 -342 0
-341 -343 0
-341 -344 0
-341 -345 0
-341 -346 0
-341 -347 0
-341 -348 0
-341 -349 0
-341 -350 0
-342 -343 0
-342 -344 0
-342 -345 0
-342 -346 0
-342 -347 0
-342 -348 0
-342 -349 0
-342 -350 0
-343 -344 0
-343 -345 0
-343 -346 0
-343 -347 0
-343 -348 0
-343 -349 0
-343 -350 0
-344 -345 0
-344 -346 0
-344 -347 0
-344 -348 0
-344 -349 0
-344 -350 0
-345 -346 0
-345 -347 0
-345 -348 0
-345 -349 0
-345 -350 0
-346 -347 0
-346 -348 0
-346 -349 0
-346 -350 0
-347 -348 0
-347 -349 0
-347 -350 0
-348 -349 0
-348 -350 0
-349 -350 0
351 352 353 354 355 356 357 358 359 360 0
-351 -352 0
-351 -353 0
-351 -354 0
-351 -355 0
-351 -356 0
-351 -357 0
-351 -358 0
-351 -359 0
-351 -360 0
-352 -353 0
-352 -354 0
-352 -355 0
-352 -356 0
-352 -357 0
-352 -358 0
-352 -359 0
-352 -360 0
-353 -354 0
-353 -355 0
-353 -356 0
-353 -357 0
-353 -358 0
-353 -359 0
-353 -360 0
-354 -355 0
-354 -356 0
-354 -357 0
-354 -358 0
-354 -359 0
-354 -360 0
-355 -356 0
-355 -357 0
-355 -358 0
-355 -359 0
-355 -360 0
-356 -357 0
-356 -358 0
-356 -359 0
-356 -360 0
-357 -358 0
-357 -359 0
-357 -360 0
-358 -359 0
-358 -360 0
-359 -360 0
361 362 363 364 365 366 367 368 369 370 0
-361 -362 0
-361 -363 0
-361 -364 0
-361 -365 0
-361 -366 0
-361 -367 0
-361 -368 0
-361 -369 0
-361 -370 0
-362 -363 0
-362 -364 0
-362 -365 0
-362 -366 0
-362 -367 0
-362 -368 0
-362 -369 0
-362 -370 0
-363 -364 0
-363 -365 0
-363 -366 0
-363 -367 0
-363 -368 0
-363 -369 0
-363 -370 0
-364 -365 0
-364 -366 0
-364 -367 0
-364 -368 0
-364 -369 0
-364 -370 0
-365 -366 0
-365 -367 0
-365 -368 0
-365 -369 0
-365 -370 0
-366 -367 0
-366 -368 0
-366 -369 0
-366 -370 0
-367 -368 0
-367 -369 0
-367 -370 0
-368 -369 0
-368 -370 0
-369 -370 0
371 372 373 374 375 376 377 378 379 380 0
-371 -372 0
-371 -373 0
-371 -374 0
-371 -375 0
-371 -376 0
-371 -377 0
-371 -378 0
-371 -379 0
-371 -380 0
-372 -373 0
-372 -374 0
-372 -375 0
-372 -376 0
-372 -377 0
-372 -378 0
-372 -379 0
-372 -380 0
-373 -374 0
-373 -375 0
-373 -376 0
-373 -377 0
-373 -378 0
-373 -379 0
-373 -380 0
-374 -375 0
-374 -376 0
-374 -377 0
-374 -378 0
-374 -379 0
-374 -380 0
-375 -376 0
-375 -377 0
-375 -378 0
-375 -379 0
-375 -380 0
-376 -377 0
-376 -378 0
-376 -379 0
-376 -380 0
-377 -378 0
-377 -379 0
-377 -380 0
-378 -379 0
-378 -380 0
-379 -380 0
381 382 383 384 385 386 387 388 389 390 0
-381 -382 0
-381 -383 0
-381 -384 0
-381 -385 0
-381 -386 0
-381 -387 0
-381 -388 0
-381 -389 0
-381 -390 0
-382 -383 0
-382 -384 0
-382 -385 0
-382 -386 0
-382 -387 0
-382 -388 0
-382 -389 0
-382 -390 0
-383 -384 0
-383 -385 0
-383 -386 0
-383 -387 0
-383 -388 0
-383 -389 0
-383 -390 0
-384 -385 0
-384 -386 0
-384 -387 0
-384 -388 0
-384 -389 0
-384 -390 0
-385 -386 0
-385 -387 0
-385 -388 0
-385 -389 0
-385 -390 0
-386 -387 0
-386 -388 0
-386 -389 0
-386 -390 0
-387 -388 0
-387 -389 0
-387 -390 0
-388 -389 0
-388 -390 0
-389 -390 0
391 392 393 394 395 396 397 398 399 400 0
-391 -392 0
-391 -393 0
-391 -394 0
-391 -395 0
-391 -396 0
-391 -397 0
-391 -398 0
-391 -399 0
-391 -400 0
-392 -393 0
-392 -394 0
-392 -395 0
-392 -396 0
-392 -397 0
-392 -398 0
-392 -399 0
-392 -400 0
-393 -394 0
-393 -395 0
-393 -396 0
-393 -397 0
-393 -398 0
-393 -399 0
-393 -400 0
-394 -395 0
-394 -396 0
-394 -397 0
-394 -398 0
-394 -399 0
-394 -400 0
-395 -396 0
-395 -397 0
-395 -398 0
-395 -399 0
-395 -400 0
-396 -397 0
-396 -398 0
-396 -399 0
-396 -400 0
-397 -398 0
-397 -399 0
-397 -400 0
-398 -399 0
-398 -400 0
-399 -400 0
301 311 321 331 341 351 361 371 381 391 0
31 131 231 331 431 531 631 731 831 931 0
302 312 322 332 342 352 362 372 382 392 0
32 132 232 332 432 532 632 732 832 932 0
303 313 323 333 343 353 363 373 383 393 0
33 133 233 333 433 533 633 733 833 933 0
304 314 324 334 344 354 364 374 384 394 0
34 134 234 334 434 534 634 734 834 934 0
305 315 325 335 345 355 365 375 385 395 0
35 135 235 335 435 535 635 735 835 935 0
306 316 326 336 346 356 366 376 386 396 0
36 136 236 336 436 536 636 736 836 936 0
307 317 327 337 347 357 367 377 387 397 0
37 137 237 337 437 537 637 737 837 937 0
308 318 328 338 348 358 368 378 388 398 0
38 138 238 338 438 538 638 738 838 938 0
309 319 329 339 349 359 369 379 389 399 0
39 139 239 339 439 539 639 739 839 939 0
310 320 330 340 350 360 370 380 390 400 0
40 140 240 340 440 540 640 740 840 940 0
401 402 403 404 405 406 407 408 409 410 0
-401 -402 0
-401 -403 0
-401 -404 0
-401 -405 0
-401 -406 0
-401 -407 0
-401 -408 0
-401 -409 0
-401 -410 0
-402 -403 0
-402 -404 0
-402 -405 0
-402 -406 0
-402 -407 0
-402 -408 0
-402 -409 0
-402 -410 0
-403 -404 0
-403 -405 0
-403 -406 0
-403 -407 0
-403 -408 0
-403 -409 0
-403 -410 0
-404 -405 0
-404 -406 0
-404 -407 0
-404 -408 0
-404 -409 0
-404 -410 0
-405 -406 0
-405 -407 0
-405 -408 0
-405 -409 0
-405 -410 0
-406 -407 0
-406 -408 0
-406 -409 0
-406 -410 0
-407 -408 0
-407 -409 0
-407 -410 0
-408 -409 0
-408 -410 0
-409 -410 0
411 412 413 414 415 416 417 418 419 420 0
-411 -412 0
-411 -413 0
-411 -414 0
-411 -415 0
-411 -416 0
-411 -417 0
-411 -418 0
-411 -419 0
-411 -420 0
-412 -413 0
-412 -414 0
-412 -415 0
-412 -416 0
-412 -417 0
-412 -418 0
-412 -419 0
-412 -420 0
-413 -414 0
-413 -415 0
-413 -416 0
-413 -417 0
-413 -418 0
-413 -419 0
-413 -420 0
-414 -415 0
-414 -416 0
-414 -417 0
-414 -418 0
-414 -419 0
-414 -420 0
-415 -416 0
-415 -417 0
-415 -418 0
-415 -419 0
-415 -420 0
-416 -417 0
-416 -418 0
-416 -419 0
-416 -420 0
-417 -418 0
-417 -419 0
-417 -420 0
-418 -419 0
-418 -420 0
-419 -420 0
421 422 423 424 425 426 427 428 429 430 0
-421 -422 0
-421 -423 0
-421 -424 0
-421 -425 0
-421 -426 0
-421 -427 0
-421 -428 0
-421 -429 0
-421 -430 0
-422 -423 0
-422 -424 0
-422 -425 0
-422 -426 0
-422 -427 0
-422 -428 0
-422 -429 0
-422 -430 0
-423 -424 0
-423 -425 0
-423 -426 0
-423 -427 0
-423 -428 0
-423 -429 0
-423 -430 0
-424 -425 0
-424 -426 0
-424 -427 0
-424 -428 0
-424 -429 0
-424 -430 0
-425 -426 0
-425 -427 0
-425 -428 0
-425 -429 0
-425 -430 0
-426 -427 0
-426 -428 0
-426 -429 0
-426 -430 0
-427 -428 0
-427 -429 0
-427 -430 0
-428 -429 0
-428 -430 0
-429 -430 0
431 432 433 434 435 436 437 438 439 440 0
-431 -432 0
-431 -433 0
-431 -434 0
-431 -435 0
-431 -436 0
-431 -437 0
-431 -438 0
-431 -439 0
-431 -440 0
-432 -433 0
-432 -434 0
-432 -435 0
-432 -436 0
-432 -437 0
-432 -438 0
-432 -439 0
-432 -440 0
-433 -434 0
-433 -435 0
-433 -436 0
-433 -437 0
-433 -438 0
-433 -439 0
-433 -440 0
-434 -435 0
-434 -436 0
-434 -437 0
-434 -438 0
-434 -439 0
-434 -440 0
-435 -436 0
-435 -437 0
-435 -438 0
-435 -439 0
-435 -440 0
-436 -437 0
-436 -438 0
-436 -439 0
-436 -440 0
-437 -438 0
-437 -439 0
-437 -440 0
-438 -439 0
-438 -440 0
-439 -440 0
441 442 443 444 445 446 447 448 449 450 0
-441 -442 0
-441 -443 0
-441 -444 0
-441 -445 0
-441 -446 0
-441 -447 0
-441 -448 0
-441 -449 0
-441 -450 0
-442 -443 0
-442 -444 0
-442 -445 0
-442 -446 0
-442 -447 0
-442 -448 0
-442 -449 0
-442 -450 0
-443 -444 0
-443 -445 0
-443 -446 0
-443 -447 0
-443 -448 0
-443 -449 0
-443 -450 0
-444 -445 0
-444 -446 0
-444 -447 0
-444 -448 0
-444 -449 0
-444 -450 0
-445 -446 0
-445 -447 0
-445 -448 0
-445 -449 0
-445 -450 0
-446 -447 0
-446 -448 0
-446 -449 0
-446 -450 0
-447 -448 0
-447 -449 0
-447 -450 0
-448 -449 0
-448 -450 0
-449 -450 0
451 452 453 454 455 456 457 458 459 460 0
-451 -452 0
-451 -453 0
-451 -454 0
-451 -455 0
-451 -456 0
-451 -457 0
-451 -458 0
-451 -459 0
-451 -460 0
-452 -453 0
-452 -454 0
-452 -455 0
-452 -456 0
-452 -457 0
-452 -458 0
-452 -459 0
-452 -460 0
-453 -454 0
-453 -455 0
-453 -456 0
-453 -457 0
-453 -458 0
-453 -459 0
-453 -460 0
-454 -455 0
-454 -456 0
-454 -457 0
-454 -458 0
-454 -459 0
-454 -460 0
-455 -456 0
-455 -457 0
-455 -458 0
-455 -459 0
-455 -460 0
-456 -457 0
-456 -458 0
-456 -459 0
-456 -460 0
-457 -458 0
-457 -459 0
-457 -460 0
-458 -459 0
-458 -460 0
-459 -460 0
461 462 463 464 465 466 467 468 469 470 0
-461 -462 0
-461 -463 0
-461 -464 0
-461 -465 0
-461 -466 0
-461 -467 0
-461 -468 0
-461 -469 0
-461 -470 0
-462 -463 0
-462 -464 0
-462 -465 0
-462 -466 0
-462 -467 0
-462 -468 0
-462 -469 0
-462 -470 0
-463 -464 0
-463 -465 0
-463 -466 0
-463 -467 0
-463 -468 0
-463 -469 0
-463 -470 0
-464 -465 0
-464 -466 0
-464 -467 0
-464 -468 0
-464 -469 0
-464 -470 0
-465 -466 0
-465 -467 0
-465 -468 0
-465 -469 0
-465 -470 0
-466 -467 0
-466 -468 0
-466 -469 0
-466 -470 0
-467 -468 0
-467 -469 0
-467 -470 0
-468 -469 0
-468 -470 0
-469 -470 0
471 472 473 474 475 476 477 478 479 480 0
-471 -472 0
-471 -473 0
-471 -474 0
-471 -475 0
-471 -476 0
-471 -477 0
-471 -478 0
-471 -479 0
-471 -480 0
-472 -473 0
-472 -474 0
-472 -475 0
-472 -476 0
-472 -477 0
-472 -478 0
-472 -479 0
-472 -480 0
-473 -474 0
-473 -475 0
-473 -476 0
-473 -477 0
-473 -478 0
-473 -479 0
-473 -480 0
-474 -475 0
-474 -476 0
-474 -477 0
-474 -478 0
-474 -479 0
-474 -480 0
-475 -476 0
-475 -477 0
-475 -478 0
-475 -479 0
-475 -480 0
-476 -477 0
-476 -478 0
-476 -479 0
-476 -480 0
-477 -478 0
-477 -479 0
-477 -480 0
-478 -479 0
-478 -480 0
-479 -480 0
481 482 483 484 485 486 487 488 489 490 0
-481 -482 0
-481 -483 0
-481 -484 0
-481 -485 0
-481 -486 0
-481 -487 0
-481 -488 0
-481 -489 0
-481 -490 0
-482 -483 0
-482 -484 0
-482 -485 0
-482 -486 0
-482 -487 0
-482 -488 0
-482 -489 0
-482 -490 0
-483 -484 0
-483 -485 0
-483 -486 0
-483 -487 0
-483 -488 0
-483 -489 0
-483 -490 0
-484 -485 0
-484 -486 0
-484 -487 0
-484 -488 0
-484 -489 0
-484 -490 0
-485 -486 0
-485 -487 0
-485 -488 0
-485 -489 0
-485 -490 0
-486 -487 0
-486 -488 0
-486 -489 0
-486 -490 0
-487 -488 0
-487 -489 0
-487 -490 0
-488 -489 0
-488 -490 0
-489 -490 0
491 492 493 494 495 496 497 498 499 500 0
-491 -492 0
-491 -493 0
-491 -494 0
-491 -495 0
-491 -496 0
-491 -497 0
-491 -498 0
-491 -499 0
-491 -500 0
-492 -493 0
-492 -494 0
-492 -495 0
-492 -496 0
-492 -497 0
-492 -498 0
-492 -499 0
-492 -500 0
-493 -494 0
-493 -495 0
-493 -496 0
-493 -497 0
-493 -498 0
-493 -499 0
-493 -500 0
-494 -495 0
-494 -496 0
-494 -497 0
-494 -498 0
-494 -499 0
-494 -500 0
-495 -496 0
-495 -497 0
-495 -498 0
-495 -499 0
-495 -500 0
-496 -497 0
-496 -498 0
-496 -499 0
-496 -500 0
-497 -498 0
-497 -499 0
-497 -500 0
-498 -499 0
-498 -500 0
-499 -500 0
401 411 421 431 441 451 461 471 481 491 0
41 141 241 341 441 541 641 741 841 941 0
402 412 422 432 442 452 462 472 482 492 0
42 142 242 342 442 542 642 742 842 942 0
403 413 423 433 443 453 463 473 483 493 0
43 143 243 343 443 543 643 743 843 943 0
404 414 424 434 444 454 464 474 484 494 0
44 144 244 344 444 544 644 744 844 944 0
405 415 425 435 445 455 465 475 485 495 0
45 145 245 345 445 545 645 745 845 945 0
406 416 426 436 446 456 466 476 486 496 0
46 146 246 346 446 546 646 746 846 946 0
407 417 427 437 447 457 467 477 487 497 0
47 147 247 347 447 547 647 747 847 947 0
408 418 428 438 448 458 468 478 488 498 0
48 148 248 348 448 548 648 748 848 948 0
409 419 429 439 449 459 469 479 489 499 0
49 149 249 349 449 549 649 749 849 949 0
410 420 430 440 450 460 470 480 490 500 0
50 150 250 350 450 550 650 750 850 950 0
501 502 503 504 505 506 507 508 509 510 0
-501 -502 0
-501 -503 0
-501 -504 0
-501 -505 0
-501 -506 0
-501 -507 0
-501 -508 0
-501 -509 0
-501 -510 0
-502 -503 0
-502 -504 0
-502 -505 0
-502 -506 0
-502 -507 0
-502 -508 0
-502 -509 0
-502 -510 0
-503 -504 0
-503 -505 0
-503 -506 0
-503 -507 0
-503 -508 0
-503 -509 0
-503 -510 0
-504 -505 0
-504 -506 0
-504 -507 0
-504 -508 0
-504 -509 0
-504 -510 0
-505 -506 0
-505 -507 0
-505 -508 0
-505 -509 0
-505 -510 0
-506 -507 0
-506 -508 0
-506 -509 0
-506 -510 0
-507 -508 0
-507 -509 0
-507 -510 0
-508 -509 0
-508 -510 0
-509 -510 0
511 512 513 514 515 516 517 518 519 520 0
-511 -512 0
-511 -513 0
-511 -514 0
-511 -515 0
-511 -516 0
-511 -517 0
-511 -518 0
-511 -519 0
-511 -520 0
-512 -513 0
-512 -514 0
-512 -515 0
-512 -516 0
-512 -517 0
-512 -518 0
-512 -519 0
-512 -520 0
-513 -514 0
-513 -515 0
-513 -516 0
-513 -517 0
-513 -518 0
-513 -519 0
-513 -520 0
-514 -515 0
-514 -516 0
-514 -517 0
-514 -518 0
-514 -519 0
-514 -520 0
-515 -516 0
-515 -517 0
-515 -518 0
-515 -519 0
-515 -520 0
-516 -517 0
-516 -518 0
-516 -519 0
-516 -520 0
-517 -518 0
-517 -519 0
-517 -520 0
-518 -519 0
-518 -520 0
-519 -520 0
521 522 523 524 525 526 527 528 529 530 0
-521 -522 0
-521 -523 0
-521 -524 0
-521 -525 0
-521 -526 0
-521 -527 0
-521 -528 0
-521 -529 0
-521 -530 0
-522 -523 0
-522 -524 0
-522 -525 0
-522 -526 0
-522 -527 0
-522 -528 0
-522 -529 0
-522 -530 0
-523 -524 0
-523 -525 0
-523 -526 0
-523 -527 0
-523 -528 0
-523 -529 0
-523 -530 0
-524 -525 0
-524 -526 0
-524 -527 0
-524 -528 0
-524 -529 0
-524 -530 0
-525 -526 0
-525 -527 0
-525 -528 0
-525 -529 0
-525 -530 0
-526 -527 0
-526 -528 0
-526 -529 0
-526 -530 0
-527 -528 0
-527 -529 0
-527 -530 0
-528 -529 0
-528 -530 0
-529 -530 0
531 532 533 534 535 536 537 538 539 540 0
-531 -532 0
-531 -533 0
-531 -534 0
-531 -535 0
-531 -536 0
-531 -537 0
-531 -538 0
-531 -539 0
-531 -540 0
-532 -533 0
-532 -534 0
-532 -535 0
-532 -536 0
-532 -537 0
-532 -538 0
-532 -539 0
-532 -540 0
-533 -534 0
-533 -535 0
-533 -536 0
-533 -537 0
-533 -538 0
-533 -539 0
-533 -540 0
-534 -535 0
-534 -536 0
-534 -537 0
-534 -538 0
-534 -539 0
-534 -540 0
-535 -536 0
-535 -537 0
-535 -538 0
-535 -539 0
-535 -540 0
-536 -537 0
-536 -538 0
-536 -539 0
-536 -540 0
-537 -538 0
-537 -539 0
-537 -540 0
-538 -539 0
-538 -540 0
-539 -540 0
541 542 543 544 545 546 547 548 549 550 0
-541 -542 0
-541 -543 0
-541 -544 0
-541 -545 0
-541 -546 0
-541 -547 0
-541 -548 0
-541 -549 0
-541 -550 0
-542 -543 0
-542 -544 0
-542 -545 0
-542 -546 0
-542 -547 0
-542 -548 0
-542 -549 0
-542 -550 0
-543 -544 0
-543 -545 0
-543 -546 0
-543 -547 0
-543 -548 0
-543 -549 0
-543 -550 0
-544 -545 0
-544 -546 0
-544 -547 0
-544 -548 0
-544 -549 0
-544 -550 0
-545 -546 0
-545 -547 0
-545 -548 0
-545 -549 0
-545 -550 0
-546 -547 0
-546 -548 0
-546 -549 0
-546 -550 0
-547 -548 0
-547 -549 0
-547 -550 0
-548 -549 0
-548 -550 0
-549 -550 0
551 552 553 554 555 556 557 558 559 560 0
-551 -552 0
-551 -553 0
-551 -554 0
-551 -555 0
-551 -556 0
-551 -557 0
-551 -558 0
-551 -559 0
-551 -560 0
-552 -553 0
-552 -554 0
-552 -555 0
-552 -556 0
-552 -557 0
-552 -558 0
-552 -559 0
-552 -560 0
-553 -554 0
-553 -555 0
-553 -556 0
-553 -557 0
-553 -558 0
-553 -559 0
-553 -560 0
-554 -555 0
-554 -556 0
-554 -557 0
-554 -558 0
-554 -559 0
-554 -560 0
-555 -556 0
-555 -557 0
-555 -558 0
-555 -559 0
-555 -560 0
-556 -557 0
-556 -558 0
-556 -559 0
-556 -560 0
-557 -558 0
-557 -559 0
-557 -560 0
-558 -559 0
-558 -560 0
-559 -560 0
561 562 563 564 565 566 567 568 569 570 0
-561 -562 0
-561 -563 0
-561 -564 0
-561 -565 0
-561 -566 0
-561 -567 0
-561 -568 0
-561 -569 0
-561 -570 0
-562 -563 0
-562 -564 0
-562 -565 0
-562 -566 0
-562 -567 0
-562 -568 0
-562 -569 0
-562 -570 0
-563 -564 0
-563 -565 0
-563 -566 0
-563 -567 0
-563 -568 0
-563 -569 0
-563 -570 0
-564 -565 0
-564 -566 0
-564 -567 0
-564 -568 0
-564 -569 0
-564 -570 0
-565 -566 0
-565 -567 0
-565 -568 0
-565 -569 0
-565 -570 0
-566 -567 0
-566 -568 0
-566 -569 0
-566 -570 0
-567 -568 0
-567 -569 0
-567 -570 0
-568 -569 0
-568 -570 0
-569 -570 0
571 572 573 574 575 576 577 578 579 580 0
-571 -572 0
-571 -573 0
-571 -574 0
-571 -575 0
-571 -576 0
-571 -577 0
-571 -578 0
-571 -579 0
-571 -580 0
-572 -573 0
-572 -574 0
-572 -575 0
-572 -576 0
-572 -577 0
-572 -578 0
-572 -579 0
-572 -580 0
-573 -574 0
-573 -575 0
-573 -576 0
-573 -577 0
-573 -578 0
-573 -579 0
-573 -580 0
-574 -575 0
-574 -576 0
-574 -577 0
-574 -578 0
-574 -579 0
-574 -580 0
-575 -576 0
-575 -577 0
-575 -578 0
-575 -579 0
-575 -580 0
-576 -577 0
-576 -578 0
-576 -579 0
-576 -580 0
-577 -578 0
-577 -579 0
-577 -580 0
-578 -579 0
-578 -580 0
-579 -580 0
581 582 583 584 585 586 587 588 589 590 0
-581 -582 0
-581 -583 0
-581 -584 0
-581 -585 0
-581 -586 0
-581 -587 0
-581 -588 0
-581 -589 0
-581 -590 0
-582 -583 0
-582 -584 0
-582 -585 0
-582 -586 0
-582 -587 0
-582 -588 0
-582 -589 0
-582 -590 0
-583 -584 0
-583 -585 0
-583 -586 0
-583 -587 0
-583 -588 0
-583 -589 0
-583 -590 0
-584 -585 0
-584 -586 0
-584 -587 0
-584 -588 0
-584 -589 0
-584 -590 0
-585 -586 0
-585 -587 0
-585 -588 0
-585 -589 0
-585 -590 0
-586 -587 0
-586 -588 0
-586 -589 0
-586 -590 0
-587 -588 0
-587 -589 0
-587 -590 0
-588 -589 0
-588 -590 0
-589 -590 0
591 592 593 594 595 596 597 598 599 600 0
-591 -592 0
-591 -593 0
-591 -594 0
-591 -595 0
-591 -596 0
-591 -597 0
-591 -598 0
-591 -599 0
-591 -600 0
-592 -593 0
-592 -594 0
-592 -595 0
-592 -596 0
-592 -597 0
-592 -598 0
-592 -599 0
-592 -600 0
-593 -594 0
-593 -595 0
-593 -596 0
-593 -597 0
-593 -598 0
-593 -599 0
-593 -600 0
-594 -595 0
-594 -596 0
-594 -597 0
-594 -598 0
-594 -599 0
-594 -600 0
-595 -596 0
-595 -597 0
-595 -598 0
-595 -599 0
-595 -600 0
-596 -597 0
-596 -598 0
-596 -599 0
-596 -600 0
-597 -598 0
-597 -599 0
-597 -600 0
-598 -599 0
-598 -600 0
-599 -600 0
501 511 521 531 541 551 561 571 581 591 0
51 151 251 351 451 551 651 751 851 951 0
502 512 522 532 542 552 562 572 582 592 0
52 152 252 352 452 552 652 752 852 952 0
503 513 523 533 543 553 563 573 583 593 0
53 153 253 353 453 553 653 753 853 953 0
504 514 524 534 544 554 564 574 584 594 0
54 154 254 354 454 554 654 754 854 954 0
505 515 525 535 545 555 565 575 585 595 0
55 155 255 355 455 555 655 755 855 955 0
506 516 526 536 546 556 566 576 586 596 0
56 156 256 356 456 556 656 756 856 956 0
507 517 527 537 547 557 567 577 587 597 0
57 157 257 357 457 557 657 757 857 957 0
508 518 528 538 548 558 568 578 588 598 0
58 158 258 358 458 558 658 758 858 958 0
509 519 529 539 549 559 569 579 589 599 0
59 159 259 359 459 559 659 759 859 959 0
510 520 530 540 550 560 570 580 590 600 0
60 160 260 360 460 560 660 760 860 960 0
601 602 603 604 605 606 607 608 609 610 0
-601 -602 0
-601 -603 0
-601 -604 0
-601 -605 0
-601 -606 0
-601 -607 0
-601 -608 0
-601 -609 0
-601 -610 0
-602 -603 0
-602 -604 0
-602 -605 0
-602 -606 0
-602 -607 0
-602 -608 0
-602 -609 0
-602 -610 0
-603 -604 0
-603 -605 0
-603 -606 0
-603 -607 0
-603 -608 0
-603 -609 0
-603 -610 0
-604 -605 0
-604 -606 0
-604 -607 0
-604 -608 0
-604 -609 0
-604 -610 0
-605 -606 0
-605 -607 0
-605 -608 0
-605 -609 0
-605 -610 0
-606 -607 0
-606 -608 0
-606 -609 0
-606 -610 0
-607 -608 0
-607 -609 0
-607 -610 0
-608 -609 0
-608 -610 0
-609 -610 0
611 612 613 614 615 616 617 618 619 620 0
-611 -612 0
-611 -613 0
-611 -614 0
-611 -615 0
-611 -616 0
-611 -617 0
-611 -618 0
-611 -619 0
-611 -620 0
-612 -613 0
-612 -614 0
-612 -615 0
-612 -616 0
-612 -617 0
-612 -618 0
-612 -619 0
-612 -620 0
-613 -614 0
-613 -615 0
-613 -616 0
-613 -617 0
-613 -618 0
-613 -619 0
-613 -620 0
-614 -615 0
-614 -616 0
-614 -617 0
-614 -618 0
-614 -619 0
-614 -620 0
-615 -616 0
-615 -617 0
-615 -618 0
-615 -619 0
-615 -620 0
-616 -617 0
-616 -618 0
-616 -619 0
-616 -620 0
-617 -618 0
-617 -619 0
-617 -620 0
-618 -619 0
-618 -620 0
-619 -620 0
621 622 623 624 625 626 627 628 629 630 0
-621 -622 0
-621 -623 0
-621 -624 0
-621 -625 0
-621 -626 0
-621 -627 0
-621 -628 0
-621 -629 0
-621 -630 0
-622 -623 0
-622 -624 0
-622 -625 0
-622 -626 0
-622 -627 0
-622 -628 0
-622 -629 0
-622 -630 0
-623 -624 0
-623 -625 0
-623 -626 0
-623 -627 0
-623 -628 0
-623 -629 0
-623 -630 0
-624 -625 0
-624 -626 0
-624 -627 0
-624 -628 0
-624 -629 0
-624 -630 0
-625 -626 0
-625 -627 0
-625 -628 0
-625 -629 0
-625 -630 0
-626 -627 0
-626 -628 0
-626 -629 0
-626 -630 0
-627 -628 0
-627 -629 0
-627 -630 0
-628 -629 0
-628 -630 0
-629 -630 0
631 632 633 634 635 636 637 638 639 640 0
-631 -632 0
-631 -633 0
-631 -634 0
-631 -635 0
-631 -636 0
-631 -637 0
-631 -638 0
-631 -639 0
-631 -640 0
-632 -633 0
-632 -634 0
-632 -635 0
-632 -636 0
-632 -637 0
-632 -638 0
-632 -639 0
-632 -640 0
-633 -634 0
-633 -635 0
-633 -636 0
-633 -637 0
-633 -638 0
-633 -639 0
-633 -640 0
-634 -635 0
-634 -636 0
-634 -637 0
-634 -638 0
-634 -639 0
-634 -640 0
-635 -636 0
-635 -637 0
-635 -638 0
-635 -639 0
-635 -640 0
-636 -637 0
-636 -638 0
-636 -639 0
-636 -640 0
-637 -638 0
-637 -639 0
-637 -640 0
-638 -639 0
-638 -640 0
-639 -640 0
641 642 643 644 645 646 647 648 649 650 0
-641 -642 0
-641 -643 0
-641 -644 0
-641 -645 0
-641 -646 0
-641 -647 0
-641 -648 0
-641 -649 0
-641 -650 0
-642 -643 0
-642 -644 0
-642 -645 0
-642 -646 0
-642 -647 0
-642 -648 0
-642 -649 0
-642 -650 0
-643 -644 0
-643 -645 0
-643 -646 0
-643 -647 0
-643 -648 0
-643 -649 0
-643 -650 0
-644 -645 0
-644 -646 0
-644 -647 0
-644 -648 0
-644 -649 0
-644 -650 0
-645 -646 0
-645 -647 0
-645 -648 0
-645 -649 0
-645 -650 0
-646 -647 0
-646 -648 0
-646 -649 0
-646 -650 0
-647 -648 0
-647 -649 0
-647 -650 0
-648 -649 0
-648 -650 0
-649 -650 0
651 652 653 654 655 656 657 658 659 660 0
-651 -652 0
-651 -653 0
-651 -654 0
-651 -655 0
-651 -656 0
-651 -657 0
-651 -658 0
-651 -659 0
-651 -660 0
-652 -653 0
-652 -654 0
-652 -655 0
-652 -656 0
-652 -657 0
-652 -658 0
-652 -659 0
-652 -660 0
-653 -654 0
-653 -655 0
-653 -656 0
-653 -657 0
-653 -658 0
-653 -659 0
-653 -660 0
-654 -655 0
-654 -656 0
-654 -657 0
-654 -658 0
-654 -659 0
-654 -660 0
-655 -656 0
-655 -657 0
-655 -658 0
-655 -659 0
-655 -660 0
-656 -657 0
-656 -658 0
-656 -659 0
-656 -660 0
-657 -658 0
-657 -659 0
-657 -660 0
-658 -659 0
-658 -660 0
-659 -660 0
661 662 663 664 665 666 667 668 669 670 0
-661 -662 0
-661 -663 0
-661 -664 0
-661 -665 0
-661 -666 0
-661 -667 0
-661 -668 0
-661 -669 0
-661 -670 0
-662 -663 0
-662 -664 0
-662 -665 0
-662 -666 0
-662 -667 0
-662 -668 0
-662 -669 0
-662 -670 0
-663 -664 0
-663 -665 0
-663 -666 0
-663 -667 0
-663 -668 0
-663 -669 0
-663 -670 0
-664 -665 0
-664 -666 0
-664 -667 0
-664 -668 0
-664 -669 0
-664 -670 0
-665 -666 0
-665 -667 0
-665 -668 0
-665 -669 0
-665 -670 0
-666 -667 0
-666 -668 0
-666 -669 0
-666 -670 0
-667 -668 0
-667 -669 0
-667 -670 0
-668 -669 0
-668 -670 0
-669 -670 0
671 672 673 674 675 676 677 678 679 680 0
-671 -672 0
-671 -673 0
-671 -674 0
-671 -675 0
-671 -676 0
-671 -677 0
-671 -678 0
-671 -679 0
-671 -680 0
-672 -673 0
-672 -674 0
-672 -675 0
-672 -676 0
-672 -677 0
-672 -678 0
-672 -679 0
-672 -680 0
-673 -674 0
-673 -675 0
-673 -676 0
-673 -677 0
-673 -678 0
-673 -679 0
-673 -680 0
-674 -675 0
-674 -676 0
-674 -677 0
-674 -678 0
-674 -679 0
-674 -680 0
-675 -676 0
-675 -677 0
-675 -678 0
-675 -679 0
-675 -680 0
-676 -677 0
-676 -678 0
-676 -679 0
-676 -680 0
-677 -678 0
-677 -679 0
-677 -680 0
-678 -679 0
-678 -680 0
-679 -680 0
681 682 683 684 685 686 687 688 689 690 0
-681 -682 0
-681 -683 0
-681 -684 0
-681 -685 0
-681 -686 0
-681 -687 0
-681 -688 0
-681 -689 0
-681 -690 0
-682 -683 0
-682 -684 0
-682 -685 0
-682 -686 0
-682 -687 0
-682 -688 0
-682 -689 0
-682 -690 0
-683 -684 0
-683 -685 0
-683 -686 0
-683 -687 0
-683 -688 0
-683 -689 0
-683 -690 0
-684 -685 0
-684 -686 0
-684 -687 0
-684 -688 0
-684 -689 0
-684 -690 0
-685 -686 0
-685 -687 0
-685 -688 0
-685 -689 0
-685 -690 0
-686 -687 0
-686 -688 0
-686 -689 0
-686 -690 0
-687 -688 0
-687 -689 0
-687 -690 0
-688 -689 0
-688 -690 0
-689 -690 0
691 692 693 694 695 696 697 698 699 700 0
-691 -692 0
-691 -693 0
-691 -694 0
-691 -695 0
-691 -696 0
-691 -697 0
-691 -698 0
-691 -699 0
-691 -700 0
-692 -693 0
-692 -694 0
-692 -695 0
-692 -696 0
-692 -697 0
-692 -698 0
-692 -699 0
-692 -700 0
-693 -694 0
-693 -695 0
-693 -696 0
-693 -697 0
-693 -698 0
-693 -699 0
-693 -700 0
-694 -695 0
-694 -696 0
-694 -697 0
-694 -698 0
-694 -699 0
-694 -700 0
-695 -696 0
-695 -697 0
-695 -698 0
-695 -699 0
-695 -700 0
-696 -697 0
-696 -698 0
-696 -699 0
-696 -700 0
-697 -698 0
-697 -699 0
-697 -700 0
-698 -699 0
-698 -700 0
-699 -700 0
601 611 621 631 641 651 661 671 681 691 0
61 161 261 361 461 561 661 761 861 961 0
602 612 622 632 642 652 662 672 682 692 0
62 162 262 362 462 562 662 762 862 962 0
603 613 623 633 643 653 663 673 683 693 0
63 163 263 363 463 563 663 763 863 963 0
604 614 624 634 644 654 664 674 684 694 0
64 164 264 364 464 564 664 764 864 964 0
605 615 625 635 645 655 665 675 685 695 0
65 165 265 365 465 565 665 765 865 965 0
606 616 626 636 646 656 666 676 686 696 0
66 166 266 366 466 566 666 766 866 966 0
607 617 627 637 647 657 667 677 687 697 0
67 167 267 367 467 567 667 767 867 967 0
608 618 628 638 648 658 668 678 688 698 0
68 168 268 368 468 568 668 768 868 968 0
609 619 629 639 649 659 669 679 689 699 0
69 169 269 369 469 569 669 769 869 969 0
610 620 630 640 650 660 670 680 690 700 0
70 170 270 370 470 570 670 770 870 970 0
701 702 703 704 705 706 707 708 709 710 0
-701 -702 0
-701 -703 0
-701 -704 0
-701 -705 0
-701 -706 0
-701 -707 0
-701 -708 0
-701 -709 0
-701 -710 0
-702 -703 0
-702 -704 0
-702 -705 0
-702 -706 0
-702 -707 0
-702 -708 0
-702 -709 0
-702 -710 0
-703 -704 0
-703 -705 0
-703 -706 0
-703 -707 0
-703 -708 0
-703 -709 0
-703 -710 0
-704 -705 0
-704 -706 0
-704 -707 0
-704 -708 0
-704 -709 0
-704 -710 0
-705 -706 0
-705 -707 0
-705 -708 0
-705 -709 0
-705 -710 0
-706 -707 0
-706 -708 0
-706 -709 0
-706 -710 0
-707 -708 0
-707 -709 0
-707 -710 0
-708 -709 0
-708 -710 0
-709 -710 0
711 712 713 714 715 716 717 718 719 720 0
-711 -712 0
-711 -713 0
-711 -714 0
-711 -715 0
-711 -716 0
-711 -717 0
-711 -718 0
-711 -719 0
-711 -720 0
-712 -713 0
-712 -714 0
-712 -715 0
-712 -716 0
-712 -717 0
-712 -718 0
-712 -719 0
-712 -720 0
-713 -714 0
-713 -715 0
-713 -716 0
-713 -717 0
-713 -718 0
-713 -719 0
-713 -720 0
-714 -715 0
-714 -716 0
-714 -717 0
-714 -718 0
-714 -719 0
-714 -720 0
-715 -716 0
-715 -717 0
-715 -718 0
-715 -719 0
-715 -720 0
-716 -717 0
-716 -718 0
-716 -719 0
-716 -720 0
-717 -718 0
-717 -719 0
-717 -720 0
-718 -719 0
-718 -720 0
-719 -720 0
721 722 723 724 725 726 727 728 729 730 0
-721 -722 0
-721 -723 0
-721 -724 0
-721 -725 0
-721 -726 0
-721 -727 0
-721 -728 0
-721 -729 0
-721 -730 0
-722 -723 0
-722 -724 0
-722 -725 0
-722 -726 0
-722 -727 0
-722 -728 0
-722 -729 0
-722 -730 0
-723 -724 0
-723 -725 0
-723 -726 0
-723 -727 0
-723 -728 0
-723 -729 0
-723 -730 0
-724 -725 0
-724 -726 0
-724 -727 0
-724 -728 0
-724 -729 0
-724 -730 0
-725 -726 0
-725 -727 0
-725 -728 0
-725 -729 0
-725 -730 0
-726 -727 0
-726 -728 0
-726 -729 0
-726 -730 0
-727 -728 0
-727 -729 0
-727 -730 0
-728 -729 0
-728 -730 0
-729 -730 0
731 732 733 734 735 736 737 738 739 740 0
-731 -732 0
-731 -733 0
-731 -734 0
-731 -735 0
-731 -736 0
-731 -737 0
-731 -738 0
-731 -739 0
-731 -740 0
-732 -733 0
-732 -734 0
-732 -735 0
-732 -736 0
-732 -737 0
-732 -738 0
-732 -739 0
-732 -740 0
-733 -734 0
-733 -735 0
-733 -736 0
-733 -737 0
-733 -738 0
-733 -739 0
-733 -740 0
-734 -735 0
-734 -736 0
-734 -737 0
-734 -738 0
-734 -739 0
-734 -740 0
-735 -736 0
-735 -737 0
-735 -738 0
-735 -739 0
-735 -740 0
-736 -737 0
-736 -738 0
-736 -739 0
-736 -740 0
-737 -738 0
-737 -739 0
-737 -740 0
-738 -739 0
-738 -740 0
-739 -740 0
741 742 743 744 745 746 747 748 749 750 0
-741 -742 0
-741 -743 0
-741 -744 0
-741 -745 0
-741 -746 0
-741 -747 0
-741 -748 0
-741 -749 0
-741 -750 0
-742 -743 0
-742 -744 0
-742 -745 0
-742 -746 0
-742 -747 0
-742 -748 0
-742 -749 0
-742 -750 0
-743 -744 0
-743 -745 0
-743 -746 0
-743 -747 0
-743 -748 0
-743 -749 0
-743 -750 0
-744 -745 0
-744 -746 0
-744 -747 0
-744 -748 0
-744 -749 0
-744 -750 0
-745 -746 0
-745 -747 0
-745 -748 0
-745 -749 0
-745 -750 0
-746 -747 0
-746 -748 0
-746 -749 0
-746 -750 0
-747 -748 0
-747 -749 0
-747 -750 0
-748 -749 0
-748 -750 0
-749 -750 0
751 752 753 754 755 756 757 758 759 760 0
-751 -752 0
-751 -753 0
-751 -754 0
-751 -755 0
-751 -756 0
-751 -757 0
-751 -758 0
-751 -759 0
-751 -760 0
-752 -753 0
-752 -754 0
-752 -755 0
-752 -756 0
-752 -757 0
-752 -758 0
-752 -759 0
-752 -760 0
-753 -754 0
-753 -755 0
-753 -756 0
-753 -757 0
-753 -758 0
-753 -759 0
-753 -760 0
-754 -755 0
-754 -756 0
-754 -757 0
-754 -758 0
-754 -759 0
-754 -760 0
-755 -756 0
-755 -757 0
-755 -758 0
-755 -759 0
-755 -760 0
-756 -757 0
-756 -758 0
-756 -759 0
-756 -760 0
-757 -758 0
-757 -759 0
-757 -760 0
-758 -759 0
-758 -760 0
-759 -760 0
761 762 763 764 765 766 767 768 769 770 0
-761 -762 0
-761 -763 0
-761 -764 0
-761 -765 0
-761 -766 0
-761 -767 0
-761 -768 0
-761 -769 0
-761 -770 0
-762 -763 0
-762 -764 0
-762 -765 0
-762 -766 0
-762 -767 0
-762 -768 0
-762 -769 0
-762 -770 0
-763 -764 0
-763 -765 0
-763 -766 0
-763 -767 0
-763 -768 0
-763 -769 0
-763 -770 0
-764 -765 0
-764 -766 0
-764 -767 0
-764 -768 0
-764 -769 0
-764 -770 0
-765 -766 0
-765 -767 0
-765 -768 0
-765 -769 0
-765 -770 0
-766 -767 0
-766 -768 0
-766 -769 0
-766 -770 0
-767 -768 0
-767 -769 0
-767 -770 0
-768 -769 0
-768 -770 0
-769 -770 0
771 772 773 774 775 776 777 778 779 780 0
-771 -772 0
-771 -773 0
-771 -774 0
-771 -775 0
-771 -776 0
-771 -777 0
-771 -778 0
-771 -779 0
-771 -780 0
-772 -773 0
-772 -774 0
-772 -775 0
-772 -776 0
-772 -777 0
-772 -778 0
-772 -779 0
-772 -780 0
-773 -774 0
-773 -775 0
-773 -776 0
-773 -777 0
-773 -778 0
-773 -779 0
-773 -780 0
-774 -775 0
-774 -776 0
-774 -777 0
-774 -778 0
-774 -779 0
-774 -780 0
-775 -776 0
-775 -777 0
-775 -778 0
-775 -779 0
-775 -780 0
-776 -777 0
-776 -778 0
-776 -779 0
-776 -780 0
-777 -778 0
-777 -779 0
-777 -780 0
-778 -779 0
-778 -780 0
-779 -780 0
781 782 783 784 785 786 787 788 789 790 0
-781 -782 0
-781 -783 0
-781 -784 0
-781 -785 0
-781 -786 0
-781 -787 0
-781 -788 0
-781 -789 0
-781 -790 0
-782 -783 0
-782 -784 0
-782 -785 0
-782 -786 0
-782 -787 0
-782 -788 0
-782 -789 0
-782 -790 0
-783 -784 0
-783 -785 0
-783 -786 0
-783 -787 0
-783 -788 0
-783 -789 0
-783 -790 0
-784 -785 0
-784 -786 0
-784 -787 0
-784 -788 0
-784 -789 0
-784 -790 0
-785 -786 0
-785 -787 0
-785 -788 0
-785 -789 0
-785 -790 0
-786 -787 0
-786 -788 0
-786 -789 0
-786 -790 0
-787 -788 0
-787 -789 0
-787 -790 0
-788 -789 0
-788 -790 0
-789 -790 0
791 792 793 794 795 796 797 798 799 800 0
-791 -792 0
-791 -793 0
-791 -794 0
-791 -795 0
-791 -796 0
-791 -797 0
-791 -798 0
-791 -799 0
-791 -800 0
-792 -793 0
-792 -794 0
-792 -795 0
-792 -796 0
-792 -797 0
-792 -798 0
-792 -799 0
-792 -800 0
-793 -794 0
-793 -795 0
-793 -796 0
-793 -797 0
-793 -798 0
-793 -799 0
-793 -800 0
-794 -795 0
-794 -796 0
-794 -797 0
-794 -798 0
-794 -799 0
-794 -800 0
-795 -796 0
-795 -797 0
-795 -798 0
-795 -799 0
-795 -800 0
-796 -797 0
-796 -798 0
-796 -799 0
-796 -800 0
-797 -798 0
-797 -799 0
-797 -800 0
-798 -799 0
-798 -800 0
-799 -800 0
701 711 721 731 741 751 761 771 781 791 0
71 171 271 371 471 571 671 771 871 971 0
702 712 722 732 742 752 762 772 782 792 0
72 172 272 372 472 572 672 772 872 972 0
703 713 723 733 743 753 763 773 783 793 0
73 173 273 373 473 573 673 773 873 973 0
704 714 724 734 744 754 764 774 784 794 0
74 174 274 374 474 574 674 774 874 974 0
705 715 725 735 745 755 765 775 785 795 0
75 175 275 375 475 575 675 775 875 975 0
706 716 726 736 746 756 766 776 786 796 0
76 176 276 376 476 576 676 776 876 976 0
707 717 727 737 747 757 767 777 787 797 0
77 177 277 377 477 577 677 777 877 977 0
708 718 728 738 748 758 768 778 788 798 0
78 178 278 378 478 578 678 778 878 978 0
709 719 729 739 749 759 769 779 789 799 0
79 179 279 379 479 579 679 779 879 979 0
710 720 730 740 750 760 770 780 790 800 0
80 180 280 380 480 580 680 780 880 980 0
801 802 803 804 805 806 807 808 809 810 0
-801 -802 0
-801 -803 0
-801 -804 0
-801 -805 0
-801 -806 0
-801 -807 0
-801 -808 0
-801 -809 0
-801 -810 0
-802 -803 0
-802 -804 0
-802 -805 0
-802 -806 0
-802 -807 0
-802 -808 0
-802 -809 0
-802 -810 0
-803 -804 0
-803 -805 0
-803 -806 0
-803 -807 0
-803 -808 0
-803 -809 0
-803 -810 0
-804 -805 0
-804 -806 0
-804 -807 0
-804 -808 0
-804 -809 0
-804 -810 0
-805 -806 0
-805 -807 0
-805 -808 0
-805 -809 0
-805 -810 0
-806 -807 0
-806 -808 0
-806 -809 0
-806 -810 0
-807 -808 0
-807 -809 0
-807 -810 0
-808 -809 0
-808 -810 0
-809 -810 0
811 812 813 814 815 816 817 818 819 820 0
-811 -812 0
-811 -813 0
-811 -814 0
-811 -815 0
-811 -816 0
-811 -817 0
-811 -818 0
-811 -819 0
-811 -820 0
-812 -813 0
-812 -814 0
-812 -815 0
-812 -816 0
-812 -817 0
-812 -818 0
-812 -819 0
-812 -820 0
-813 -814 0
-813 -815 0
-813 -816 0
-813 -817 0
-813 -818 0
-813 -819 0
-813 -820 0
-814 -815 0
-814 -816 0
-814 -817 0
-814 -818 0
-814 -819 0
-814 -820 0
-815 -816 0
-815 -817 0
-815 -818 0
-815 -819 0
-815 -820 0
-816 -817 0
-816 -818 0
-816 -819 0
-816 -820 0
-817 -818 0
-817 -819 0
-817 -820 0
-818 -819 0
-818 -820 0
-819 -820 0
821 822 823 824 825 826 827 828 829 830 0
-821 -822 0
-821 -823 0
-821 -824 0
-821 -825 0
-821 -826 0
-821 -827 0
-821 -828 0
-821 -829 0
-821 -830 0
-822 -823 0
-822 -824 0
-822 -825 0
-822 -826 0
-822 -827 0
-822 -828 0
-822 -829 0
-822 -830 0
-823 -824 0
-823 -825 0
-823 -826 0
-823 -827 0
-823 -828 0
-823 -829 0
-823 -830 0
-824 -825 0
-824 -826 0
-824 -827 0
-824 -828 0
-824 -829 0
-824 -830 0
-825 -826 0
-825 -827 0
-825 -828 0
-825 -829 0
-825 -830 0
-826 -827 0
-826 -828 0
-826 -829 0
-826 -830 0
-827 -828 0
-827 -829 0
-827 -830 0
-828 -829 0
-828 -830 0
-829 -830 0
831 832 833 834 835 836 837 838 839 840 0
-831 -832 0
-831 -833 0
-831 -834 0
-831 -835 0
-831 -836 0
-831 -837 0
-831 -838 0
-831 -839 0
-831 -840 0
-832 -833 0
-832 -834 0
-832 -835 0
-832 -836 0
-832 -837 0
-832 -838 0
-832 -839 0
-832 -840 0
-833 -834 0
-833 -835 0
-833 -836 0
-833 -837 0
-833 -838 0
-833 -839 0
-833 -840 0
-834 -835 0
-834 -836 0
-834 -837 0
-834 -838 0
-834 -839 0
-834 -840 0
-835 -836 0
-835 -837 0
-835 -838 0
-835 -839 0
-835 -840 0
-836 -837 0
-836 -838 0
-836 -839 0
-836 -840 0
-837 -838 0
-837 -839 0
-837 -840 0
-838 -839 0
-838 -840 0
-839 -840 0
841 842 843 844 845 846 847 848 849 850 0
-841 -842 0
-841 -843 0
-841 -844 0
-841 -845 0
-841 -846 0
-841 -847 0
-841 -848 0
-841 -849 0
-841 -850 0
-842 -843 0
-842 -844 0
-842 -845 0
-842 -846 0
-842 -847 0
-842 -848 0
-842 -849 0
-842 -850 0
-843 -844 0
-843 -845 0
-843 -846 0
-843 -847 0
-843 -848 0
-843 -849 0
-843 -850 0
-844 -845 0
-844 -846 0
-844 -847 0
-844 -848 0
-844 -849 0
-844 -850 0
-845 -846 0
-845 -847 0
-845 -848 0
-845 -849 0
-845 -850 0
-846 -847 0
-846 -848 0
-846 -849 0
-846 -850 0
-847 -848 0
-847 -849 0
-847 -850 0
-848 -849 0
-848 -850 0
-849 -850 0
851 852 853 854 855 856 857 858 859 860 0
-851 -852 0
-851 -853 0
-851 -854 0
-851 -855 0
-851 -856 0
-851 -857 0
-851 -858 0
-851 -859 0
-851 -860 0
-852 -853 0
-852 -854 0
-852 -855 0
-852 -856 0
-852 -857 0
-852 -858 0
-852 -859 0
-852 -860 0
-853 -854 0
-853 -855 0
-853 -856 0
-853 -857 0
-853 -858 0
-853 -859 0
-853 -860 0
-854 -855 0
-854 -856 0
-854 -857 0
-854 -858 0
-854 -859 0
-854 -860 0
-855 -856 0
-855 -857 0
-855 -858 0
-855 -859 0
-855 -860 0
-856 -857 0
-856 -858 0
-856 -859 0
-856 -860 0
-857 -858 0
-857 -859 0
-857 -860 0
-858 -859 0
-858 -860 0
-859 -860 0
861 862 863 864 865 866 867 868 869 870 0
-861 -862 0
-861 -863 0
-861 -864 0
-861 -865 0
-861 -866 0
-861 -867 0
-861 -868 0
-861 -869 0
-861 -870 0
-862 -863 0
-862 -864 0
-862 -865 0
-862 -866 0
-862 -867 0
-862 -868 0
-862 -869 0
-862 -870 0
-863 -864 0
-863 -865 0
-863 -866 0
-863 -867 0
-863 -868 0
-863 -869 0
-863 -870 0
-864 -865 0
-864 -866 0
-864 -867 0
-864 -868 0
-864 -869 0
-864 -870 0
-865 -866 0
-865 -867 0
-865 -868 0
-865 -869 0
-865 -870 0
-866 -867 0
-866 -868 0
-866 -869 0
-866 -870 0
-867 -868 0
-867 -869 0
-867 -870 0
-868 -869 0
-868 -870 0
-869 -870 0
871 872 873 874 875 876 877 878 879 880 0
-871 -872 0
-871 -873 0
-871 -874 0
-871 -875 0
-871 -876 0
-871 -877 0
-871 -878 0
-871 -879 0
-871 -880 0
-872 -873 0
-872 -874 0
-872 -875 0
-872 -876 0
-872 -877 0
-872 -878 0
-872 -879 0
-872 -880 0
-873 -874 0
-873 -875 0
-873 -876 0
-873 -877 0
-873 -878 0
-873 -879 0
-873 -880 0
-874 -875 0
-874 -876 0
-874 -877 0
-874 -878 0
-874 -879 0
-874 -880 0
-875 -876 0
-875 -877 0
-875 -878 0
-875 -879 0
-875 -880 0
-876 -877 0
-876 -878 0
-876 -879 0
-876 -880 0
-877 -878 0
-877 -879 0
-877 -880 0
-878 -879 0
-878 -880 0
-879 -880 0
881 882 883 884 885 886 887 888 889 890 0
-881 -882 0
-881 -883 0
-881 -884 0
-881 -885 0
-881 -886 0
-881 -887 0
-881 -888 0
-881 -889 0
-881 -890 0
-882 -883 0
-882 -884 0
-882 -885 0
-882 -886 0
-882 -887 0
-882 -888 0
-882 -889 0
-882 -890 0
-883 -884 0
-883 -885 0
-883 -886 0
-883 -887 0
-883 -888 0
-883 -889 0
-883 -890 0
-884 -885 0
-884 -886 0
-884 -887 0
-884 -888 0
-884 -889 0
-884 -890 0
-885 -886 0
-885 -887 0
-885 -888 0
-885 -889 0
-885 -890 0
-886 -887 0
-886 -888 0
-886 -889 0
-886 -890 0
-887 -888 0
-887 -889 0
-887 -890 0
-888 -889 0
-888 -890 0
-889 -890 0
891 892 893 894 895 896 897 898 899 900 0
-891 -892 0
-891 -893 0
-891 -894 0
-891 -895 0
-891 -896 0
-891 -897 0
-891 -898 0
-891 -899 0
-891 -900 0
-892 -893 0
-892 -894 0
-892 -895 0
-892 -896 0
-892 -897 0
-892 -898 0
-892 -899 0
-892 -900 0
-893 -894 0
-893 -895 0
-893 -896 0
-893 -897 0
-893 -898 0
-893 -899 0
-893 -900 0
-894 -895 0
-894 -896 0
-894 -897 0
-894 -898 0
-894 -899 0
-894 -900 0
-895 -896 0
-895 -897 0
-895 -898 0
-895 -899 0
-895 -900 0
-896 -897 0
-896 -898 0
-896 -899 0
-896 -900 0
-897 -898 0
-897 -899 0
-897 -900 0
-898 -899 0
-898 -900 0
-899 -900 0
801 811 821 831 841 851 861 871 881 891 0
81 181 281 381 481 581 681 781 881 981 0
802 812 822 832 842 852 862 872 882 892 0
82 182 282 382 482 582 682 782 882 982 0
803 813 823 833 843 853 863 873 883 893 0
83 183 283 383 483 583 683 783 883 983 0
804 814 824 834 844 854 864 874 884 894 0
84 184 284 384 484 584 684 784 884 984 0
805 815 825 835 845 855 865 875 885 895 0
85 185 285 385 485 585 685 785 885 985 0
806 816 826 836 846 856 866 876 886 896 0
86 186 286 386 486 586 686 786 886 986 0
807 817 827 837 847 857 867 877 887 897 0
87 187 287 387 487 587 687 787 887 987 0
808 818 828 838 848 858 868 878 888 898 0
88 188 288 388 488 588 688 788 888 988 0
809 819 829 839 849 859 869 879 889 899 0
89 189 289 389 489 589 689 789 889 989 0
810 820 830 840 850 860 870 880 890 900 0
90 190 290 390 490 590 690 790 890 990 0
901 902 903 904 905 906 907 908 909 910 0
-901 -902 0
-901 -903 0
-901 -904 0
-901 -905 0
-901 -906 0
-901 -907 0
-901 -908 0
-901 -909 0
-901 -910 0
-902 -903 0
-902 -904 0
-902 -905 0
-902 -906 0
-902 -907 0
-902 -908 0
-902 -909 0
-902 -910 0
-903 -904 0
-903 -905 0
-903 -906 0
-903 -907 0
-903 -908 0
-903 -909 0
-903 -910 0
-904 -905 0
-904 -906 0
-904 -907 0
-904 -908 0
-904 -909 0
-904 -910 0
-905 -906 0
-905 -907 0
-905 -908 0
-905 -909 0
-905 -910 0
-906 -907 0
-906 -908 0
-906 -909 0
-906 -910 0
-907 -908 0
-907 -909 0
-907 -910 0
-908 -909 0
-908 -910 0
-909 -910 0
911 912 913 914 915 916 917 918 919 920 0
-911 -912 0
-911 -913 0
-911 -914 0
-911 -915 0
-911 -916 0
-911 -917 0
-911 -918 0
-911 -919 0
-911 -920 0
-912 -913 0
-912 -914 0
-912 -915 0
-912 -916 0
-912 -917 0
-912 -918 0
-912 -919 0
-912 -920 0
-913 -914 0
-913 -915 0
-913 -916 0
-913 -917 0
-913 -918 0
-913 -919 0
-913 -920 0
-914 -915 0
-914 -916 0
-914 -917 0
-914 -918 0
-914 -919 0
-914 -920 0
-915 -916 0
-915 -917 0
-915 -918 0
-915 -919 0
-915 -920 0
-916 -917 0
-916 -918 0
-916 -919 0
-916 -920 0
-917 -918 0
-917 -919 0
-917 -920 0
-918 -919 0
-918 -920 0
-919 -920 0
921 922 923 924 925 926 927 928 929 930 0
-921 -922 0
-921 -923 0
-921 -924 0
-921 -925 0
-921 -926 0
-921 -927 0
-921 -928 0
-921 -929 0
-921 -930 0
-922 -923 0
-922 -924 0
-922 -925 0
-922 -926 0
-922 -927 0
-922 -928 0
-922 -929 0
-922 -930 0
-923 -924 0
-923 -925 0
-923 -926 0
-923 -927 0
-923 -928 0
-923 -929 0
-923 -930 0
-924 -925 0
-924 -926 0
-924 -927 0
-924 -928 0
-924 -929 0
-924 -930 0
-925 -926 0
-925 -927 0
-925 -928 0
-925 -929 0
-925 -930 0
-926 -927 0
-926 -928 0
-926 -929 0
-926 -930 0
-927 -928 0
-927 -929 0
-927 -930 0
-928 -929 0
-928 -930 0
-929 -930 0
931 932 933 934 935 936 937 938 939 940 0
-931 -932 0
-931 -933 0
-931 -934 0
-931 -935 0
-931 -936 0
-931 -937 0
-931 -938 0
-931 -939 0
-931 -940 0
-932 -933 0
-932 -934 0
-932 -935 0
-932 -936 0
-932 -937 0
-932 -938 0
-932 -939 0
-932 -940 0
-933 -934 0
-933 -935 0
-933 -936 0
-933 -937 0
-933 -938 0
-933 -939 0
-933 -940 0
-934 -935 0
-934 -936 0
-934 -937 0
-934 -938 0
-934 -939 0
-934 -940 0
-935 -936 0
-935 -937 0
-935 -938 0
-935 -939 0
-935 -940 0
-936 -937 0
-936 -938 0
-936 -939 0
-936 -940 0
-937 -938 0
-937 -939 0
-937 -940 0
-938 -939 0
-938 -940 0
-939 -940 0
941 942 943 944 945 946 947 948 949 950 0
-941 -942 0
-941 -943 0
-941 -944 0
-941 -945 0
-941 -946 0
-941 -947 0
-941 -948 0
-941 -949 0
-941 -950 0
-942 -943 0
-942 -944 0
-942 -945 0
-942 -946 0
-942 -947 0
-942 -948 0
-942 -949 0
-942 -950 0
-943 -944 0
-943 -945 0
-943 -946 0
-943 -947 0
-943 -948 0
-943 -949 0
-943 -950 0
-944 -945 0
-944 -946 0
-944 -947 0
-944 -948 0
-944 -949 0
-944 -950 0
-945 -946 0
-945 -947 0
-945 -948 0
-945 -949 0
-945 -950 0
-946 -947 0
-946 -948 0
-946 -949 0
-946 -950 0
-947 -948 0
-947 -949 0
-947 -950 0
-948 -949 0
-948 -950 0
-949 -950 0
951 952 953 954 955 956 957 958 959 960 0
-951 -952 0
-951 -953 0
-951 -954 0
-951 -955 0
-951 -956 0
-951 -957 0
-951 -958 0
-951 -959 0
-951 -960 0
-952 -953 0
-952 -954 0
-952 -955 0
-952 -956 0
-952 -957 0
-952 -958 0
-952 -959 0
-952 -960 0
-953 -954 0
-953 -955 0
-953 -956 0
-953 -957 0
-953 -958 0
-953 -959 0
-953 -960 0
-954 -955 0
-954 -956 0
-954 -957 0
-954 -958 0
-954 -959 0
-954 -960 0
-955 -956 0
-955 -957 0
-955 -958 0
-955 -959 0
-955 -960 0
-956 -957 0
-956 -958 0
-956 -959 0
-956 -960 0
-957 -958 0
-957 -959 0
-957 -960 0
-958 -959 0
-958 -960 0
-959 -960 0
961 962 963 964 965 966 967 968 969 970 0
-961 -962 0
-961 -963 0
-961 -964 0
-961 -965 0
-961 -966 0
-961 -967 0
-961 -968 0
-961 -969 0
-961 -970 0
-962 -963 0
-962 -964 0
-962 -965 0
-962 -966 0
-962 -967 0
-962 -968 0
-962 -969 0
-962 -970 0
-963 -964 0
-963 -965 0
-963 -966 0
-963 -967 0
-963 -968 0
-963 -969 0
-963 -970 0
-964 -965 0
-964 -966 0
-964 -967 0
-964 -968 0
-964 -969 0
-964 -970 0
-965 -966 0
-965 -967 0
-965 -968 0
-965 -969 0
-965 -970 0
-966 -967 0
-966 -968 0
-966 -969 0
-966 -970 0
-967 -968 0
-967 -969 0
-967 -970 0
-968 -969 0
-968 -970 0
-969 -970 0
971 972 973 974 975 976 977 978 979 980 0
-971 -972 0
-971 -973 0
-971 -974 0
-971 -975 0
-971 -976 0
-971 -977 0
-971 -978 0
-971 -979 0
-971 -980 0
-972 -973 0
-972 -974 0
-972 -975 0
-972 -976 0
-972 -977 0
-972 -978 0
-972 -979 0
-972 -980 0
-973 -974 0
-973 -975 0
-973 -976 0
-973 -977 0
-973 -978 0
-973 -979 0
-973 -980 0
-974 -975 0
-974 -976 0
-974 -977 0
-974 -978 0
-974 -979 0
-974 -980 0
-975 -976 0
-975 -977 0
-975 -978 0
-975 -979 0
-975 -980 0
-976 -977 0
-976 -978 0
-976 -979 0
-976 -980 0
-977 -978 0
-977 -979 0
-977 -980 0
-978 -979 0
-978 -980 0
-979 -980 0
981 982 983 984 985 986 987 988 989 990 0
-981 -982 0
-981 -983 0
-981 -984 0
-981 -985 0
-981 -986 0
-981 -987 0
-981 -988 0
-981 -989 0
-981 -990 0
-982 -983 0
-982 -984 0
-982 -985 0
-982 -986 0
-982 -987 0
-982 -988 0
-982 -989 0
-982 -990 0
-983 -984 0
-983 -985 0
-983 -986 0
-983 -987 0
-983 -988 0
-983 -989 0
-983 -990 0
-984 -985 0
-984 -986 0
-984 -987 0
-984 -988 0
-984 -989 0
-984 -990 0
-985 -986 0
-985 -987 0
-985 -988 0
-985 -989 0
-985 -990 0
-986 -987 0
-986 -988 0
-986 -989 0
-986 -990 0
-987 -988 0
-987 -989 0
-987 -990 0
-988 -989 0
-988 -990 0
-989 -990 0
991 992 993 994 995 996 997 998 999 1000 0
-991 -992 0
-991 -993 0
-991 -994 0
-991 -995 0
-991 -996 0
-991 -997 0
-991 -998 0
-991 -999 0
-991 -1000 0
-992 -993 0
-992 -994 0
-992 -995 0
-992 -996 0
-992 -997 0
-992 -998 0
-992 -999 0
-992 -1000 0
-993 -994 0
-993 -995 0
-993 -996 0
-993 -997 0
-993 -998 0
-993 -999 0
-993 -1000 0
-994 -995 0
-994 -996 0
-994 -997 0
-994 -998 0
-994 -999 0
-994 -1000 0
-995 -996 0
-995 -997 0
-995 -998 0
-995 -999 0
-995 -1000 0
-996 -997 0
-996 -998 0
-996 -999 0
-996 -1000 0
-997 -998 0
-997 -999 0
-997 -1000 0
-998 -999 0
-998 -1000 0
-999 -1000 0
901 911 921 931 941 951 961 971 981 991 0
91 191 291 391 491 591 691 791 891 991 0
902 912 922 932 942 952 962 972 982 992 0
92 192 292 392 492 592 692 792 892 992 0
903 913 923 933 943 953 963 973 983 993 0
93 193 293 393 493 593 693 793 893 993 0
904 914 924 934 944 954 964 974 984 994 0
94 194 294 394 494 594 694 794 894 994 0
905 915 925 935 945 955 965 975 985 995 0
95 195 295 395 495 595 695 795 895 995 0
906 916 926 936 946 956 966 976 986 996 0
96 196 296 396 496 596 696 796 896 996 0
907 917 927 937 947 957 967 977 987 997 0
97 197 297 397 497 597 697 797 897 997 0
908 918 928 938 948 958 968 978 988 998 0
98 198 298 398 498 598 698 798 898 998 0
909 919 929 939 949 959 969 979 989 999 0
99 199 299 399 499 599 699 799 899 999 0
910 920 930 940 950 960 970 980 990 1000 0
100 200 300 400 500 600 700 800 900 1000 0
